                 588
         1             1             1             1    2.699999999999998    0.000000000000000    
         1             1             3             5    -0.129903810567666    0.000000000000000    
         1             1             4             4    0.150000000000000    0.000000000000000    
         1             1             5             3    -0.129903810567666    0.000000000000000    
         1             2             2             1    2.699999999999998    0.000000000000000    
         1             2             3             6    -0.299999999999999    0.000000000000000    
         1             2             4             5    0.225000000000000    0.000000000000000    
         1             2             5             4    -0.150000000000000    0.000000000000000    
         1             2             6             3    0.075000000000000    0.000000000000000    
         1             3             1             3    0.075000000000000    0.000000000000000    
         1             3             3             1    2.699999999999998    0.000000000000000    
         1             3             3             4    -0.106066017177982    0.000000000000000    
         1             3             4             3    0.106066017177982    0.000000000000000    
         1             4             1             4    0.150000000000000    0.000000000000000    
         1             4             2             3    -0.129903810567666    0.000000000000000    
         1             4             3             5    -0.183711730708738    0.000000000000000    
         1             4             4             1    2.699999999999998    0.000000000000000    
         1             4             4             4    0.106066017177983    0.000000000000000    
         1             5             1             5    0.225000000000000    0.000000000000000    
         1             5             2             4    -0.150000000000000    0.000000000000000    
         1             5             3             6    -0.212132034355964    0.000000000000000    
         1             5             5             1    2.699999999999998    0.000000000000000    
         1             5             5             4    0.106066017177983    0.000000000000000    
         1             5             6             3    -0.106066017177982    0.000000000000000    
         1             6             1             6    0.299999999999999    0.000000000000000    
         1             6             2             5    -0.129903810567666    0.000000000000000    
         1             6             4             6    -0.212132034355964    0.000000000000000    
         1             6             5             5    0.183711730708738    0.000000000000000    
         1             6             6             1    2.699999999999998    0.000000000000000    
         1             6             6             4    -0.106066017177982    0.000000000000000    
         1            25             1            25    0.034622448979592    0.000000000000000    
         1            25             2            28    0.059491836734694    0.000000000000000    
         1            25             3            26    -0.006896455729164    0.000000000000000    
         1            25             4            25    0.048963536909509    0.000000000000000    
         1            25             5            28    0.042067081180345    0.000000000000000    
         1            25            25             1    0.037060714285714    0.000000000000000    
         1            25            25             4    0.018837324650810    0.000000000000000    
         1            25            26             3    0.018837324650810    0.000000000000000    
         1            25            27             6    0.037674649301619    0.000000000000000    
         1            26             1            26    0.003251020408163    0.000000000000000    
         1            26             2            25    -0.048705975668350    0.000000000000000    
         1            26             3            27    -0.076843992502169    0.000000000000000    
         1            26             4            26    -0.002298818576388    0.000000000000000    
         1            26             5            25    0.007963341143375    0.000000000000000    
         1            26             6            28    0.042067081180345    0.000000000000000    
         1            26            25             5    -0.032627203373872    0.000000000000000    
         1            26            26             1    0.037060714285714    0.000000000000000    
         1            26            26             4    -0.018837324650810    0.000000000000000    
         1            26            28             6    0.037674649301619    0.000000000000000    
         1            27             1            27    0.090863265306122    0.000000000000000    
         1            27             2            26    0.003251020408163    0.000000000000000    
         1            27             3            28    -0.042067081180345    0.000000000000000    
         1            27             4            27    -0.004597637152776    0.000000000000000    
         1            27             5            26    0.002298818576388    0.000000000000000    
         1            27             6            25    -0.035170625451181    0.000000000000000    
         1            27            27             1    0.037060714285714    0.000000000000000    
         1            27            27             4    -0.018837324650810    0.000000000000000    
         1            27            28             3    -0.018837324650810    0.000000000000000    
         1            28             1            28    0.059491836734694    0.000000000000000    
         1            28             2            27    -0.048705975668350    0.000000000000000    
         1            28             4            28    -0.042067081180345    0.000000000000000    
         1            28             5            27    0.068880651358795    0.000000000000000    
         1            28             6            26    0.006896455729164    0.000000000000000    
         1            28            27             5    0.032627203373872    0.000000000000000    
         1            28            28             1    0.037060714285714    0.000000000000000    
         1            28            28             4    0.018837324650810    0.000000000000000    
         2             1             1             2    2.699999999999998    0.000000000000000    
         2             1             3             6    0.075000000000000    0.000000000000000    
         2             1             4             5    -0.150000000000000    0.000000000000000    
         2             1             5             4    0.225000000000000    0.000000000000000    
         2             1             6             3    -0.299999999999999    0.000000000000000    
         2             2             2             2    2.699999999999998    0.000000000000000    
         2             2             4             6    -0.129903810567666    0.000000000000000    
         2             2             5             5    0.150000000000000    0.000000000000000    
         2             2             6             4    -0.129903810567666    0.000000000000000    
         2             3             1             4    -0.129903810567666    0.000000000000000    
         2             3             2             3    0.299999999999999    0.000000000000000    
         2             3             3             2    2.699999999999998    0.000000000000000    
         2             3             3             5    0.106066017177982    0.000000000000000    
         2             3             4             4    -0.183711730708738    0.000000000000000    
         2             3             5             3    0.212132034355964    0.000000000000000    
         2             4             1             5    -0.150000000000000    0.000000000000000    
         2             4             2             4    0.225000000000000    0.000000000000000    
         2             4             3             6    0.106066017177982    0.000000000000000    
         2             4             4             2    2.699999999999998    0.000000000000000    
         2             4             4             5    -0.106066017177983    0.000000000000000    
         2             4             6             3    0.212132034355964    0.000000000000000    
         2             5             1             6    -0.129903810567666    0.000000000000000    
         2             5             2             5    0.150000000000000    0.000000000000000    
         2             5             5             2    2.699999999999998    0.000000000000000    
         2             5             5             5    -0.106066017177983    0.000000000000000    
         2             5             6             4    0.183711730708738    0.000000000000000    
         2             6             2             6    0.075000000000000    0.000000000000000    
         2             6             5             6    -0.106066017177982    0.000000000000000    
         2             6             6             2    2.699999999999998    0.000000000000000    
         2             6             6             5    0.106066017177982    0.000000000000000    
         2            25             1            26    -0.048705975668350    0.000000000000000    
         2            25             2            25    0.059491836734694    0.000000000000000    
         2            25             3            27    -0.006896455729164    0.000000000000000    
         2            25             4            26    -0.068880651358795    0.000000000000000    
         2            25             5            25    0.042067081180345    0.000000000000000    
         2            25            25             2    0.037060714285714    0.000000000000000    
         2            25            25             5    -0.018837324650810    0.000000000000000    
         2            25            26             4    -0.032627203373872    0.000000000000000    
         2            26             1            27    0.003251020408163    0.000000000000000    
         2            26             2            26    0.090863265306122    0.000000000000000    
         2            26             3            28    0.035170625451181    0.000000000000000    
         2            26             4            27    -0.002298818576388    0.000000000000000    
         2            26             5            26    0.004597637152776    0.000000000000000    
         2            26             6            25    0.042067081180345    0.000000000000000    
         2            26            25             6    0.018837324650810    0.000000000000000    
         2            26            26             2    0.037060714285714    0.000000000000000    
         2            26            26             5    0.018837324650810    0.000000000000000    
         2            27             1            28    -0.048705975668350    0.000000000000000    
         2            27             2            27    0.003251020408163    0.000000000000000    
         2            27             3            25    -0.042067081180345    0.000000000000000    
         2            27             4            28    -0.007963341143375    0.000000000000000    
         2            27             5            27    0.002298818576388    0.000000000000000    
         2            27             6            26    0.076843992502169    0.000000000000000    
         2            27            25             3    -0.037674649301619    0.000000000000000    
         2            27            27             2    0.037060714285714    0.000000000000000    
         2            27            27             5    0.018837324650810    0.000000000000000    
         2            27            28             4    0.032627203373872    0.000000000000000    
         2            28             1            25    0.059491836734694    0.000000000000000    
         2            28             2            28    0.034622448979592    0.000000000000000    
         2            28             4            25    -0.042067081180345    0.000000000000000    
         2            28             5            28    -0.048963536909509    0.000000000000000    
         2            28             6            27    0.006896455729164    0.000000000000000    
         2            28            26             3    -0.037674649301619    0.000000000000000    
         2            28            27             6    -0.018837324650810    0.000000000000000    
         2            28            28             2    0.037060714285714    0.000000000000000    
         2            28            28             5    -0.018837324650810    0.000000000000000    
         3             1             1             3    2.699999999999998    0.000000000000000    
         3             1             3             1    0.075000000000000    0.000000000000000    
         3             1             3             4    0.106066017177982    0.000000000000000    
         3             1             4             3    -0.106066017177982    0.000000000000000    
         3             2             2             3    2.699999999999998    0.000000000000000    
         3             2             3             2    0.299999999999999    0.000000000000000    
         3             2             3             5    0.212132034355964    0.000000000000000    
         3             2             4             1    -0.129903810567666    0.000000000000000    
         3             2             4             4    -0.183711730708738    0.000000000000000    
         3             2             5             3    0.106066017177982    0.000000000000000    
         3             3             3             3    2.774999999999998    0.000000000000000    
         3             4             1             3    -0.106066017177982    0.000000000000000    
         3             4             3             1    0.106066017177982    0.000000000000000    
         3             4             3             4    0.150000000000000    0.000000000000000    
         3             4             4             3    2.624999999999998    0.000000000000000    
         3             5             1             1    -0.129903810567666    0.000000000000000    
         3             5             1             4    -0.183711730708738    0.000000000000000    
         3             5             2             3    0.106066017177982    0.000000000000000    
         3             5             3             2    0.212132034355964    0.000000000000000    
         3             5             3             5    0.150000000000000    0.000000000000000    
         3             5             5             3    2.624999999999998    0.000000000000000    
         3             6             1             2    -0.299999999999999    0.000000000000000    
         3             6             1             5    -0.212132034355964    0.000000000000000    
         3             6             2             1    0.075000000000000    0.000000000000000    
         3             6             2             4    0.106066017177982    0.000000000000000    
         3             6             4             2    0.212132034355964    0.000000000000000    
         3             6             4             5    0.150000000000000    0.000000000000000    
         3             6             5             1    -0.106066017177982    0.000000000000000    
         3             6             5             4    -0.150000000000000    0.000000000000000    
         3             6             6             3    2.774999999999998    0.000000000000000    
         3            25             2            27    -0.042067081180345    0.000000000000000    
         3            25             3            25    0.029259183673469    0.000000000000000    
         3            25             5            27    -0.029745918367347    0.000000000000000    
         3            25            25             3    0.023740714285714    0.000000000000000    
         3            25            27             2    -0.037674649301619    0.000000000000000    
         3            25            27             5    -0.026640000000000    0.000000000000000    
         3            26             1            25    -0.006896455729164    0.000000000000000    
         3            26             3            26    0.069244897959184    0.000000000000000    
         3            26             4            25    0.019506122448980    0.000000000000000    
         3            26             6            27    -0.029745918367347    0.000000000000000    
         3            26            25             1    0.018837324650810    0.000000000000000    
         3            26            25             4    0.026640000000000    0.000000000000000    
         3            26            26             3    0.050380714285714    0.000000000000000    
         3            26            28             2    -0.037674649301619    0.000000000000000    
         3            26            28             5    -0.026640000000000    0.000000000000000    
         3            27             1            26    -0.076843992502169    0.000000000000000    
         3            27             2            25    -0.006896455729164    0.000000000000000    
         3            27             3            27    0.029745918367347    0.000000000000000    
         3            27             4            26    0.011261865046764    0.000000000000000    
         3            27             5            25    0.009753061224490    0.000000000000000    
         3            27            27             3    0.050380714285714    0.000000000000000    
         3            28             1            27    -0.042067081180345    0.000000000000000    
         3            28             2            26    0.035170625451181    0.000000000000000    
         3            28             4            27    0.029745918367347    0.000000000000000    
         3            28             5            26    -0.049738775510204    0.000000000000000    
         3            28            27             1    -0.018837324650810    0.000000000000000    
         3            28            27             4    -0.026640000000000    0.000000000000000    
         3            28            28             3    0.023740714285714    0.000000000000000    
         4             1             1             4    2.699999999999998    0.000000000000000    
         4             1             3             2    -0.129903810567666    0.000000000000000    
         4             1             4             1    0.150000000000000    0.000000000000000    
         4             1             4             4    0.106066017177982    0.000000000000000    
         4             1             5             3    -0.183711730708738    0.000000000000000    
         4             2             2             4    2.699999999999998    0.000000000000000    
         4             2             3             6    0.212132034355964    0.000000000000000    
         4             2             4             2    0.225000000000000    0.000000000000000    
         4             2             5             1    -0.150000000000000    0.000000000000000    
         4             2             5             4    -0.106066017177982    0.000000000000000    
         4             2             6             3    0.106066017177982    0.000000000000000    
         4             3             1             3    0.106066017177982    0.000000000000000    
         4             3             3             1    -0.106066017177982    0.000000000000000    
         4             3             3             4    2.624999999999998    0.000000000000000    
         4             3             4             3    0.150000000000000    0.000000000000000    
         4             4             1             1    0.150000000000000    0.000000000000000    
         4             4             1             4    0.106066017177982    0.000000000000000    
         4             4             2             3    -0.183711730708738    0.000000000000000    
         4             4             3             2    -0.183711730708738    0.000000000000000    
         4             4             4             1    0.106066017177982    0.000000000000000    
         4             4             4             4    2.774999999999999    0.000000000000000    
         4             5             1             2    0.225000000000000    0.000000000000000    
         4             5             2             1    -0.150000000000000    0.000000000000000    
         4             5             2             4    -0.106066017177982    0.000000000000000    
         4             5             3             6    0.150000000000000    0.000000000000000    
         4             5             5             1    0.106066017177982    0.000000000000000    
         4             5             5             4    2.774999999999999    0.000000000000000    
         4             5             6             3    -0.150000000000000    0.000000000000000    
         4             6             1             6    -0.212132034355964    0.000000000000000    
         4             6             2             2    -0.129903810567666    0.000000000000000    
         4             6             4             6    0.150000000000000    0.000000000000000    
         4             6             5             2    0.183711730708738    0.000000000000000    
         4             6             6             1    -0.106066017177982    0.000000000000000    
         4             6             6             4    2.624999999999998    0.000000000000000    
         4            25             1            25    0.048963536909509    0.000000000000000    
         4            25             2            28    -0.042067081180345    0.000000000000000    
         4            25             3            26    0.019506122448980    0.000000000000000    
         4            25             4            25    0.069244897959184    0.000000000000000    
         4            25             5            28    -0.029745918367347    0.000000000000000    
         4            25            25             1    0.018837324650810    0.000000000000000    
         4            25            25             4    0.050380714285714    0.000000000000000    
         4            25            26             3    0.026640000000000    0.000000000000000    
         4            25            27             6    -0.026640000000000    0.000000000000000    
         4            26             1            26    -0.002298818576388    0.000000000000000    
         4            26             2            25    -0.068880651358795    0.000000000000000    
         4            26             3            27    0.011261865046764    0.000000000000000    
         4            26             4            26    0.016255102040816    0.000000000000000    
         4            26             5            25    0.011261865046764    0.000000000000000    
         4            26             6            28    -0.029745918367347    0.000000000000000    
         4            26            25             2    -0.032627203373872    0.000000000000000    
         4            26            26             1    -0.018837324650810    0.000000000000000    
         4            26            26             4    0.023740714285714    0.000000000000000    
         4            26            28             6    -0.026640000000000    0.000000000000000    
         4            27             1            27    -0.004597637152776    0.000000000000000    
         4            27             2            26    -0.002298818576388    0.000000000000000    
         4            27             3            28    0.029745918367347    0.000000000000000    
         4            27             4            27    0.013004081632653    0.000000000000000    
         4            27             5            26    0.013004081632653    0.000000000000000    
         4            27             6            25    -0.049738775510204    0.000000000000000    
         4            27            27             1    -0.018837324650810    0.000000000000000    
         4            27            27             4    0.023740714285714    0.000000000000000    
         4            27            28             3    -0.026640000000000    0.000000000000000    
         4            28             1            28    -0.042067081180345    0.000000000000000    
         4            28             2            27    -0.007963341143375    0.000000000000000    
         4            28             4            28    0.029745918367347    0.000000000000000    
         4            28             5            27    0.011261865046764    0.000000000000000    
         4            28             6            26    0.009753061224490    0.000000000000000    
         4            28            27             2    0.032627203373872    0.000000000000000    
         4            28            28             1    0.018837324650810    0.000000000000000    
         4            28            28             4    0.050380714285714    0.000000000000000    
         5             1             1             5    2.699999999999998    0.000000000000000    
         5             1             3             6    -0.106066017177982    0.000000000000000    
         5             1             4             2    -0.150000000000000    0.000000000000000    
         5             1             4             5    0.106066017177982    0.000000000000000    
         5             1             5             1    0.225000000000000    0.000000000000000    
         5             1             6             3    -0.212132034355964    0.000000000000000    
         5             2             2             5    2.699999999999998    0.000000000000000    
         5             2             4             6    0.183711730708738    0.000000000000000    
         5             2             5             2    0.150000000000000    0.000000000000000    
         5             2             5             5    -0.106066017177982    0.000000000000000    
         5             2             6             1    -0.129903810567666    0.000000000000000    
         5             3             1             1    -0.129903810567666    0.000000000000000    
         5             3             2             3    0.212132034355964    0.000000000000000    
         5             3             3             2    0.106066017177982    0.000000000000000    
         5             3             3             5    2.624999999999998    0.000000000000000    
         5             3             4             1    -0.183711730708738    0.000000000000000    
         5             3             5             3    0.150000000000000    0.000000000000000    
         5             4             1             2    -0.150000000000000    0.000000000000000    
         5             4             1             5    0.106066017177982    0.000000000000000    
         5             4             2             1    0.225000000000000    0.000000000000000    
         5             4             3             6    -0.150000000000000    0.000000000000000    
         5             4             4             2    -0.106066017177982    0.000000000000000    
         5             4             4             5    2.774999999999999    0.000000000000000    
         5             4             6             3    0.150000000000000    0.000000000000000    
         5             5             1             6    0.183711730708738    0.000000000000000    
         5             5             2             2    0.150000000000000    0.000000000000000    
         5             5             2             5    -0.106066017177982    0.000000000000000    
         5             5             5             2    -0.106066017177982    0.000000000000000    
         5             5             5             5    2.774999999999999    0.000000000000000    
         5             5             6             1    0.183711730708738    0.000000000000000    
         5             6             2             6    -0.106066017177982    0.000000000000000    
         5             6             5             6    0.150000000000000    0.000000000000000    
         5             6             6             2    0.106066017177982    0.000000000000000    
         5             6             6             5    2.624999999999998    0.000000000000000    
         5            25             1            26    0.007963341143375    0.000000000000000    
         5            25             2            25    0.042067081180345    0.000000000000000    
         5            25             3            27    0.009753061224490    0.000000000000000    
         5            25             4            26    0.011261865046764    0.000000000000000    
         5            25             5            25    0.029745918367347    0.000000000000000    
         5            25            25             2    -0.018837324650810    0.000000000000000    
         5            25            25             5    0.050380714285714    0.000000000000000    
         5            25            26             1    -0.032627203373872    0.000000000000000    
         5            26             1            27    0.002298818576388    0.000000000000000    
         5            26             2            26    0.004597637152776    0.000000000000000    
         5            26             3            28    -0.049738775510204    0.000000000000000    
         5            26             4            27    0.013004081632653    0.000000000000000    
         5            26             5            26    0.013004081632653    0.000000000000000    
         5            26             6            25    0.029745918367347    0.000000000000000    
         5            26            25             6    -0.026640000000000    0.000000000000000    
         5            26            26             2    0.018837324650810    0.000000000000000    
         5            26            26             5    0.023740714285714    0.000000000000000    
         5            27             1            28    0.068880651358795    0.000000000000000    
         5            27             2            27    0.002298818576388    0.000000000000000    
         5            27             3            25    -0.029745918367347    0.000000000000000    
         5            27             4            28    0.011261865046764    0.000000000000000    
         5            27             5            27    0.016255102040816    0.000000000000000    
         5            27             6            26    0.011261865046764    0.000000000000000    
         5            27            25             3    -0.026640000000000    0.000000000000000    
         5            27            27             2    0.018837324650810    0.000000000000000    
         5            27            27             5    0.023740714285714    0.000000000000000    
         5            27            28             1    0.032627203373872    0.000000000000000    
         5            28             1            25    0.042067081180345    0.000000000000000    
         5            28             2            28    -0.048963536909509    0.000000000000000    
         5            28             4            25    -0.029745918367347    0.000000000000000    
         5            28             5            28    0.069244897959184    0.000000000000000    
         5            28             6            27    0.019506122448980    0.000000000000000    
         5            28            26             3    -0.026640000000000    0.000000000000000    
         5            28            27             6    0.026640000000000    0.000000000000000    
         5            28            28             2    -0.018837324650810    0.000000000000000    
         5            28            28             5    0.050380714285714    0.000000000000000    
         6             1             1             6    2.699999999999998    0.000000000000000    
         6             1             4             6    -0.106066017177982    0.000000000000000    
         6             1             5             2    -0.129903810567666    0.000000000000000    
         6             1             5             5    0.183711730708738    0.000000000000000    
         6             1             6             1    0.299999999999999    0.000000000000000    
         6             1             6             4    -0.212132034355964    0.000000000000000    
         6             2             2             6    2.699999999999998    0.000000000000000    
         6             2             5             6    0.106066017177982    0.000000000000000    
         6             2             6             2    0.075000000000000    0.000000000000000    
         6             2             6             5    -0.106066017177982    0.000000000000000    
         6             3             1             2    0.075000000000000    0.000000000000000    
         6             3             1             5    -0.106066017177982    0.000000000000000    
         6             3             2             1    -0.299999999999999    0.000000000000000    
         6             3             2             4    0.212132034355964    0.000000000000000    
         6             3             3             6    2.774999999999998    0.000000000000000    
         6             3             4             2    0.106066017177982    0.000000000000000    
         6             3             4             5    -0.150000000000000    0.000000000000000    
         6             3             5             1    -0.212132034355964    0.000000000000000    
         6             3             5             4    0.150000000000000    0.000000000000000    
         6             4             1             6    -0.106066017177982    0.000000000000000    
         6             4             2             2    -0.129903810567666    0.000000000000000    
         6             4             2             5    0.183711730708738    0.000000000000000    
         6             4             4             6    2.624999999999998    0.000000000000000    
         6             4             6             1    -0.212132034355964    0.000000000000000    
         6             4             6             4    0.150000000000000    0.000000000000000    
         6             5             2             6    0.106066017177982    0.000000000000000    
         6             5             5             6    2.624999999999998    0.000000000000000    
         6             5             6             2    -0.106066017177982    0.000000000000000    
         6             5             6             5    0.150000000000000    0.000000000000000    
         6             6             6             6    2.774999999999998    0.000000000000000    
         6            25             1            27    -0.035170625451181    0.000000000000000    
         6            25             2            26    0.042067081180345    0.000000000000000    
         6            25             4            27    -0.049738775510204    0.000000000000000    
         6            25             5            26    0.029745918367347    0.000000000000000    
         6            25            25             6    0.023740714285714    0.000000000000000    
         6            25            26             2    0.018837324650810    0.000000000000000    
         6            25            26             5    -0.026640000000000    0.000000000000000    
         6            26             1            28    0.006896455729164    0.000000000000000    
         6            26             2            27    0.076843992502169    0.000000000000000    
         6            26             4            28    0.009753061224490    0.000000000000000    
         6            26             5            27    0.011261865046764    0.000000000000000    
         6            26             6            26    0.029745918367347    0.000000000000000    
         6            26            26             6    0.050380714285714    0.000000000000000    
         6            27             2            28    0.006896455729164    0.000000000000000    
         6            27             3            26    -0.029745918367347    0.000000000000000    
         6            27             5            28    0.019506122448980    0.000000000000000    
         6            27             6            27    0.069244897959184    0.000000000000000    
         6            27            25             1    0.037674649301619    0.000000000000000    
         6            27            25             4    -0.026640000000000    0.000000000000000    
         6            27            27             6    0.050380714285714    0.000000000000000    
         6            27            28             2    -0.018837324650810    0.000000000000000    
         6            27            28             5    0.026640000000000    0.000000000000000    
         6            28             1            26    0.042067081180345    0.000000000000000    
         6            28             4            26    -0.029745918367347    0.000000000000000    
         6            28             6            28    0.029259183673469    0.000000000000000    
         6            28            26             1    0.037674649301619    0.000000000000000    
         6            28            26             4    -0.026640000000000    0.000000000000000    
         6            28            28             6    0.023740714285714    0.000000000000000    
        25             1             1            25    0.037060714285714    0.000000000000000    
        25             1             3            26    0.018837324650810    0.000000000000000    
        25             1             4            25    0.018837324650810    0.000000000000000    
        25             1             6            27    0.037674649301619    0.000000000000000    
        25             1            25             1    0.034622448979592    0.000000000000000    
        25             1            25             4    0.048963536909509    0.000000000000000    
        25             1            26             3    -0.006896455729164    0.000000000000000    
        25             1            28             2    0.059491836734694    0.000000000000000    
        25             1            28             5    0.042067081180345    0.000000000000000    
        25             2             2            25    0.037060714285714    0.000000000000000    
        25             2             4            26    -0.032627203373872    0.000000000000000    
        25             2             5            25    -0.018837324650810    0.000000000000000    
        25             2            25             2    0.059491836734694    0.000000000000000    
        25             2            25             5    0.042067081180345    0.000000000000000    
        25             2            26             1    -0.048705975668350    0.000000000000000    
        25             2            26             4    -0.068880651358795    0.000000000000000    
        25             2            27             3    -0.006896455729164    0.000000000000000    
        25             3             2            27    -0.037674649301619    0.000000000000000    
        25             3             3            25    0.023740714285714    0.000000000000000    
        25             3             5            27    -0.026640000000000    0.000000000000000    
        25             3            25             3    0.029259183673469    0.000000000000000    
        25             3            27             2    -0.042067081180345    0.000000000000000    
        25             3            27             5    -0.029745918367347    0.000000000000000    
        25             4             1            25    0.018837324650810    0.000000000000000    
        25             4             3            26    0.026640000000000    0.000000000000000    
        25             4             4            25    0.050380714285714    0.000000000000000    
        25             4             6            27    -0.026640000000000    0.000000000000000    
        25             4            25             1    0.048963536909509    0.000000000000000    
        25             4            25             4    0.069244897959184    0.000000000000000    
        25             4            26             3    0.019506122448980    0.000000000000000    
        25             4            28             2    -0.042067081180345    0.000000000000000    
        25             4            28             5    -0.029745918367347    0.000000000000000    
        25             5             1            26    -0.032627203373872    0.000000000000000    
        25             5             2            25    -0.018837324650810    0.000000000000000    
        25             5             5            25    0.050380714285714    0.000000000000000    
        25             5            25             2    0.042067081180345    0.000000000000000    
        25             5            25             5    0.029745918367347    0.000000000000000    
        25             5            26             1    0.007963341143375    0.000000000000000    
        25             5            26             4    0.011261865046764    0.000000000000000    
        25             5            27             3    0.009753061224490    0.000000000000000    
        25             6             2            26    0.018837324650810    0.000000000000000    
        25             6             5            26    -0.026640000000000    0.000000000000000    
        25             6             6            25    0.023740714285714    0.000000000000000    
        25             6            26             2    0.042067081180345    0.000000000000000    
        25             6            26             5    0.029745918367347    0.000000000000000    
        25             6            27             1    -0.035170625451181    0.000000000000000    
        25             6            27             4    -0.049738775510204    0.000000000000000    
        26             1             1            26    0.037060714285714    0.000000000000000    
        26             1             4            26    -0.018837324650810    0.000000000000000    
        26             1             5            25    -0.032627203373872    0.000000000000000    
        26             1             6            28    0.037674649301619    0.000000000000000    
        26             1            25             2    -0.048705975668350    0.000000000000000    
        26             1            25             5    0.007963341143375    0.000000000000000    
        26             1            26             1    0.003251020408163    0.000000000000000    
        26             1            26             4    -0.002298818576388    0.000000000000000    
        26             1            27             3    -0.076843992502169    0.000000000000000    
        26             1            28             6    0.042067081180345    0.000000000000000    
        26             2             2            26    0.037060714285714    0.000000000000000    
        26             2             5            26    0.018837324650810    0.000000000000000    
        26             2             6            25    0.018837324650810    0.000000000000000    
        26             2            25             6    0.042067081180345    0.000000000000000    
        26             2            26             2    0.090863265306122    0.000000000000000    
        26             2            26             5    0.004597637152776    0.000000000000000    
        26             2            27             1    0.003251020408163    0.000000000000000    
        26             2            27             4    -0.002298818576388    0.000000000000000    
        26             2            28             3    0.035170625451181    0.000000000000000    
        26             3             1            25    0.018837324650810    0.000000000000000    
        26             3             2            28    -0.037674649301619    0.000000000000000    
        26             3             3            26    0.050380714285714    0.000000000000000    
        26             3             4            25    0.026640000000000    0.000000000000000    
        26             3             5            28    -0.026640000000000    0.000000000000000    
        26             3            25             1    -0.006896455729164    0.000000000000000    
        26             3            25             4    0.019506122448980    0.000000000000000    
        26             3            26             3    0.069244897959184    0.000000000000000    
        26             3            27             6    -0.029745918367347    0.000000000000000    
        26             4             1            26    -0.018837324650810    0.000000000000000    
        26             4             2            25    -0.032627203373872    0.000000000000000    
        26             4             4            26    0.023740714285714    0.000000000000000    
        26             4             6            28    -0.026640000000000    0.000000000000000    
        26             4            25             2    -0.068880651358795    0.000000000000000    
        26             4            25             5    0.011261865046764    0.000000000000000    
        26             4            26             1    -0.002298818576388    0.000000000000000    
        26             4            26             4    0.016255102040816    0.000000000000000    
        26             4            27             3    0.011261865046764    0.000000000000000    
        26             4            28             6    -0.029745918367347    0.000000000000000    
        26             5             2            26    0.018837324650810    0.000000000000000    
        26             5             5            26    0.023740714285714    0.000000000000000    
        26             5             6            25    -0.026640000000000    0.000000000000000    
        26             5            25             6    0.029745918367347    0.000000000000000    
        26             5            26             2    0.004597637152776    0.000000000000000    
        26             5            26             5    0.013004081632653    0.000000000000000    
        26             5            27             1    0.002298818576388    0.000000000000000    
        26             5            27             4    0.013004081632653    0.000000000000000    
        26             5            28             3    -0.049738775510204    0.000000000000000    
        26             6             6            26    0.050380714285714    0.000000000000000    
        26             6            26             6    0.029745918367347    0.000000000000000    
        26             6            27             2    0.076843992502169    0.000000000000000    
        26             6            27             5    0.011261865046764    0.000000000000000    
        26             6            28             1    0.006896455729164    0.000000000000000    
        26             6            28             4    0.009753061224490    0.000000000000000    
        27             1             1            27    0.037060714285714    0.000000000000000    
        27             1             3            28    -0.018837324650810    0.000000000000000    
        27             1             4            27    -0.018837324650810    0.000000000000000    
        27             1            25             6    -0.035170625451181    0.000000000000000    
        27             1            26             2    0.003251020408163    0.000000000000000    
        27             1            26             5    0.002298818576388    0.000000000000000    
        27             1            27             1    0.090863265306122    0.000000000000000    
        27             1            27             4    -0.004597637152776    0.000000000000000    
        27             1            28             3    -0.042067081180345    0.000000000000000    
        27             2             2            27    0.037060714285714    0.000000000000000    
        27             2             3            25    -0.037674649301619    0.000000000000000    
        27             2             4            28    0.032627203373872    0.000000000000000    
        27             2             5            27    0.018837324650810    0.000000000000000    
        27             2            25             3    -0.042067081180345    0.000000000000000    
        27             2            26             6    0.076843992502169    0.000000000000000    
        27             2            27             2    0.003251020408163    0.000000000000000    
        27             2            27             5    0.002298818576388    0.000000000000000    
        27             2            28             1    -0.048705975668350    0.000000000000000    
        27             2            28             4    -0.007963341143375    0.000000000000000    
        27             3             3            27    0.050380714285714    0.000000000000000    
        27             3            25             2    -0.006896455729164    0.000000000000000    
        27             3            25             5    0.009753061224490    0.000000000000000    
        27             3            26             1    -0.076843992502169    0.000000000000000    
        27             3            26             4    0.011261865046764    0.000000000000000    
        27             3            27             3    0.029745918367347    0.000000000000000    
        27             4             1            27    -0.018837324650810    0.000000000000000    
        27             4             3            28    -0.026640000000000    0.000000000000000    
        27             4             4            27    0.023740714285714    0.000000000000000    
        27             4            25             6    -0.049738775510204    0.000000000000000    
        27             4            26             2    -0.002298818576388    0.000000000000000    
        27             4            26             5    0.013004081632653    0.000000000000000    
        27             4            27             1    -0.004597637152776    0.000000000000000    
        27             4            27             4    0.013004081632653    0.000000000000000    
        27             4            28             3    0.029745918367347    0.000000000000000    
        27             5             1            28    0.032627203373872    0.000000000000000    
        27             5             2            27    0.018837324650810    0.000000000000000    
        27             5             3            25    -0.026640000000000    0.000000000000000    
        27             5             5            27    0.023740714285714    0.000000000000000    
        27             5            25             3    -0.029745918367347    0.000000000000000    
        27             5            26             6    0.011261865046764    0.000000000000000    
        27             5            27             2    0.002298818576388    0.000000000000000    
        27             5            27             5    0.016255102040816    0.000000000000000    
        27             5            28             1    0.068880651358795    0.000000000000000    
        27             5            28             4    0.011261865046764    0.000000000000000    
        27             6             1            25    0.037674649301619    0.000000000000000    
        27             6             2            28    -0.018837324650810    0.000000000000000    
        27             6             4            25    -0.026640000000000    0.000000000000000    
        27             6             5            28    0.026640000000000    0.000000000000000    
        27             6             6            27    0.050380714285714    0.000000000000000    
        27             6            26             3    -0.029745918367347    0.000000000000000    
        27             6            27             6    0.069244897959184    0.000000000000000    
        27             6            28             2    0.006896455729164    0.000000000000000    
        27             6            28             5    0.019506122448980    0.000000000000000    
        28             1             1            28    0.037060714285714    0.000000000000000    
        28             1             4            28    0.018837324650810    0.000000000000000    
        28             1             5            27    0.032627203373872    0.000000000000000    
        28             1            26             6    0.006896455729164    0.000000000000000    
        28             1            27             2    -0.048705975668350    0.000000000000000    
        28             1            27             5    0.068880651358795    0.000000000000000    
        28             1            28             1    0.059491836734694    0.000000000000000    
        28             1            28             4    -0.042067081180345    0.000000000000000    
        28             2             2            28    0.037060714285714    0.000000000000000    
        28             2             3            26    -0.037674649301619    0.000000000000000    
        28             2             5            28    -0.018837324650810    0.000000000000000    
        28             2             6            27    -0.018837324650810    0.000000000000000    
        28             2            25             1    0.059491836734694    0.000000000000000    
        28             2            25             4    -0.042067081180345    0.000000000000000    
        28             2            27             6    0.006896455729164    0.000000000000000    
        28             2            28             2    0.034622448979592    0.000000000000000    
        28             2            28             5    -0.048963536909509    0.000000000000000    
        28             3             1            27    -0.018837324650810    0.000000000000000    
        28             3             3            28    0.023740714285714    0.000000000000000    
        28             3             4            27    -0.026640000000000    0.000000000000000    
        28             3            26             2    0.035170625451181    0.000000000000000    
        28             3            26             5    -0.049738775510204    0.000000000000000    
        28             3            27             1    -0.042067081180345    0.000000000000000    
        28             3            27             4    0.029745918367347    0.000000000000000    
        28             4             1            28    0.018837324650810    0.000000000000000    
        28             4             2            27    0.032627203373872    0.000000000000000    
        28             4             4            28    0.050380714285714    0.000000000000000    
        28             4            26             6    0.009753061224490    0.000000000000000    
        28             4            27             2    -0.007963341143375    0.000000000000000    
        28             4            27             5    0.011261865046764    0.000000000000000    
        28             4            28             1    -0.042067081180345    0.000000000000000    
        28             4            28             4    0.029745918367347    0.000000000000000    
        28             5             2            28    -0.018837324650810    0.000000000000000    
        28             5             3            26    -0.026640000000000    0.000000000000000    
        28             5             5            28    0.050380714285714    0.000000000000000    
        28             5             6            27    0.026640000000000    0.000000000000000    
        28             5            25             1    0.042067081180345    0.000000000000000    
        28             5            25             4    -0.029745918367347    0.000000000000000    
        28             5            27             6    0.019506122448980    0.000000000000000    
        28             5            28             2    -0.048963536909509    0.000000000000000    
        28             5            28             5    0.069244897959184    0.000000000000000    
        28             6             1            26    0.037674649301619    0.000000000000000    
        28             6             4            26    -0.026640000000000    0.000000000000000    
        28             6             6            28    0.023740714285714    0.000000000000000    
        28             6            26             1    0.042067081180345    0.000000000000000    
        28             6            26             4    -0.029745918367347    0.000000000000000    
        28             6            28             6    0.029259183673469    0.000000000000000    
