                  14
         1            25    0.166666666666667    -0.166666666666667    
         1            27    -0.288675134594813    -0.288675134594813    
         1            28    0.000000000000000    0.333333333333333    
         2            25    0.000000000000000    0.333333333333333    
         2            26    -0.288675134594813    0.288675134594813    
         2            28    0.166666666666667    0.166666666666667    
         3            26    0.235702260395516    0.235702260395516    
         3            27    0.000000000000000    -0.235702260395516    
         4            25    0.235702260395516    -0.235702260395516    
         4            28    0.000000000000000    -0.235702260395516    
         5            25    0.000000000000000    0.235702260395516    
         5            28    -0.235702260395516    -0.235702260395516    
         6            26    0.000000000000000    0.235702260395516    
         6            27    -0.235702260395516    0.235702260395516    
