276
4194303
6291455
7340031
7864319
8126463
8257535
8323071
8355839
8372223
8380415
8384511
8386559
8387583
8388095
8388351
8388479
8388543
8388575
8388591
8388599
8388603
8388605
8388606
10485759
11534335
12058623
12320767
12451839
12517375
12550143
12566527
12574719
12578815
12580863
12581887
12582399
12582655
12582783
12582847
12582879
12582895
12582903
12582907
12582909
12582910
13631487
14155775
14417919
14548991
14614527
14647295
14663679
14671871
14675967
14678015
14679039
14679551
14679807
14679935
14679999
14680031
14680047
14680055
14680059
14680061
14680062
15204351
15466495
15597567
15663103
15695871
15712255
15720447
15724543
15726591
15727615
15728127
15728383
15728511
15728575
15728607
15728623
15728631
15728635
15728637
15728638
15990783
16121855
16187391
16220159
16236543
16244735
16248831
16250879
16251903
16252415
16252671
16252799
16252863
16252895
16252911
16252919
16252923
16252925
16252926
16383999
16449535
16482303
16498687
16506879
16510975
16513023
16514047
16514559
16514815
16514943
16515007
16515039
16515055
16515063
16515067
16515069
16515070
16580607
16613375
16629759
16637951
16642047
16644095
16645119
16645631
16645887
16646015
16646079
16646111
16646127
16646135
16646139
16646141
16646142
16678911
16695295
16703487
16707583
16709631
16710655
16711167
16711423
16711551
16711615
16711647
16711663
16711671
16711675
16711677
16711678
16728063
16736255
16740351
16742399
16743423
16743935
16744191
16744319
16744383
16744415
16744431
16744439
16744443
16744445
16744446
16752639
16756735
16758783
16759807
16760319
16760575
16760703
16760767
16760799
16760815
16760823
16760827
16760829
16760830
16764927
16766975
16767999
16768511
16768767
16768895
16768959
16768991
16769007
16769015
16769019
16769021
16769022
16771071
16772095
16772607
16772863
16772991
16773055
16773087
16773103
16773111
16773115
16773117
16773118
16774143
16774655
16774911
16775039
16775103
16775135
16775151
16775159
16775163
16775165
16775166
16775679
16775935
16776063
16776127
16776159
16776175
16776183
16776187
16776189
16776190
16776447
16776575
16776639
16776671
16776687
16776695
16776699
16776701
16776702
16776831
16776895
16776927
16776943
16776951
16776955
16776957
16776958
16777023
16777055
16777071
16777079
16777083
16777085
16777086
16777119
16777135
16777143
16777147
16777149
16777150
16777167
16777175
16777179
16777181
16777182
16777191
16777195
16777197
16777198
16777203
16777205
16777206
16777209
16777210
16777212
