                  60
         1             1    -14.762797235300001    0.000000000000000    
         1             7    2.131943931119928    0.000000000000000    
         1            13    0.481470627582356    0.000000000000000    
         1            19    1.618130554107574    0.000000000000000    
         2             2    -14.762797235300001    0.000000000000000    
         2             8    2.131943931119928    0.000000000000000    
         2            14    0.481470627582356    0.000000000000000    
         2            20    1.618130554107574    0.000000000000000    
         3             3    -15.468943045300000    0.000000000000000    
         3             9    2.108388983547592    0.000000000000000    
         3            15    0.517200653226272    0.000000000000000    
         3            21    1.674013405873617    0.000000000000000    
         4             4    -15.468943045300000    0.000000000000000    
         4            10    2.108388983547592    0.000000000000000    
         4            16    0.517200653226272    0.000000000000000    
         4            22    1.674013405873617    0.000000000000000    
         5             5    -15.468943045300000    0.000000000000000    
         5            11    2.108388983547592    0.000000000000000    
         5            17    0.517200653226272    0.000000000000000    
         5            23    1.674013405873617    0.000000000000000    
         6             6    -15.468943045300000    0.000000000000000    
         6            12    2.108388983547592    0.000000000000000    
         6            18    0.517200653226272    0.000000000000000    
         6            24    1.674013405873617    0.000000000000000    
         7             1    2.131943931119928    0.000000000000000    
         7             7    -3.528372861516216    0.000000000000000    
         8             2    2.131943931119928    0.000000000000000    
         8             8    -3.528372861516216    0.000000000000000    
         9             3    2.108388983547592    0.000000000000000    
         9             9    -3.538890277572901    0.000000000000000    
        10             4    2.108388983547592    0.000000000000000    
        10            10    -3.538890277572901    0.000000000000000    
        11             5    2.108388983547592    0.000000000000000    
        11            11    -3.538890277572901    0.000000000000000    
        12             6    2.108388983547592    0.000000000000000    
        12            12    -3.538890277572901    0.000000000000000    
        13             1    0.481470627582356    0.000000000000000    
        13            13    -1.207615555008166    0.000000000000000    
        14             2    0.481470627582356    0.000000000000000    
        14            14    -1.207615555008166    0.000000000000000    
        15             3    0.517200653226272    0.000000000000000    
        15            15    -1.308137924011529    0.000000000000000    
        16             4    0.517200653226272    0.000000000000000    
        16            16    -1.308137924011529    0.000000000000000    
        17             5    0.517200653226272    0.000000000000000    
        17            17    -1.308137924011529    0.000000000000000    
        18             6    0.517200653226272    0.000000000000000    
        18            18    -1.308137924011529    0.000000000000000    
        19             1    1.618130554107574    0.000000000000000    
        19            19    6.183392524170465    0.000000000000000    
        20             2    1.618130554107574    0.000000000000000    
        20            20    6.183392524170465    0.000000000000000    
        21             3    1.674013405873617    0.000000000000000    
        21            21    5.578400781316763    0.000000000000000    
        22             4    1.674013405873617    0.000000000000000    
        22            22    5.578400781316763    0.000000000000000    
        23             5    1.674013405873617    0.000000000000000    
        23            23    5.578400781316763    0.000000000000000    
        24             6    1.674013405873617    0.000000000000000    
        24            24    5.578400781316763    0.000000000000000    
