-0.200000000000000  0.000789399168751  
-0.192792792792793  0.000837125599140  
-0.185585585585586  0.000889393166367  
-0.178378378378378  0.000946764079187  
-0.171171171171171  0.001009881964531  
-0.163963963963964  0.001079484161122  
-0.156756756756757  0.001156415458582  
-0.149549549549550  0.001241643121924  
-0.142342342342342  0.001336272774827  
-0.135135135135135  0.001441564272816  
-0.127927927927928  0.001558945984616  
-0.120720720720721  0.001690024778694  
-0.113513513513514  0.001836587290041  
-0.106306306306306  0.002000585466937  
-0.099099099099099  0.002184095672051  
-0.091891891891892  0.002389235467320  
-0.084684684684685  0.002618015596906  
-0.077477477477477  0.002872097187724  
-0.070270270270270  0.003152417853833  
-0.063063063063063  0.003458650030605  
-0.055855855855856  0.003788469716834  
-0.048648648648649  0.004136658415813  
-0.041441441441441  0.004494152301213  
-0.034234234234234  0.004847297216424  
-0.027027027027027  0.005177735998213  
-0.019819819819820  0.005463446550153  
-0.012612612612613  0.005681298696567  
-0.005405405405405  0.005810973456110  
0.001801801801802  0.005839297648334  
0.009009009009009  0.005763455677503  
0.016216216216216  0.005591715099995  
0.023423423423423  0.005341336361914  
0.030630630630631  0.005034595516545  
0.037837837837838  0.004694489845194  
0.045045045045045  0.004341433263604  
0.052252252252252  0.003991481321848  
0.059459459459459  0.003655931744658  
0.066666666666667  0.003341815848119  
0.073873873873874  0.003052789500693  
0.081081081081081  0.002790079708452  
0.088288288288288  0.002553306566582  
0.095495495495495  0.002341118893865  
0.102702702702703  0.002151647868737  
0.109909909909910  0.001982810606318  
0.117117117117117  0.001832501371775  
0.124324324324324  0.001698703939163  
0.131531531531532  0.001579551299713  
0.138738738738739  0.001473351728733  
0.145945945945946  0.001378594320106  
0.153153153153153  0.001293942688774  
0.160360360360360  0.001218222429324  
0.167567567567568  0.001150405805288  
0.174774774774775  0.001089595750002  
0.181981981981982  0.001035010363231  
0.189189189189189  0.000985968524457  
0.196396396396396  0.000941876899002  
0.203603603603604  0.000902218409160  
0.210810810810811  0.000866542127399  
0.218018018018018  0.000834454488792  
0.225225225225225  0.000805611693406  
0.232432432432432  0.000779713162543  
0.239639639639640  0.000756495916952  
0.246846846846847  0.000735729755054  
0.254054054054054  0.000717213121609  
0.261261261261261  0.000700769570271  
0.268468468468468  0.000686244736095  
0.275675675675676  0.000673503745682  
0.282882882882883  0.000662429003117  
0.290090090090090  0.000652918299078  
0.297297297297297  0.000644883198528  
0.304504504504504  0.000638247669356  
0.311711711711712  0.000632946920320  
0.318918918918919  0.000628926421786  
0.326126126126126  0.000626141087179  
0.333333333333333  0.000624554596880  
0.340540540540541  0.000624138849599  
0.347747747747748  0.000624873529156  
0.354954954954955  0.000626745777121  
0.362162162162162  0.000629749964062  
0.369369369369369  0.000633887554226  
0.376576576576577  0.000639167060366  
0.383783783783784  0.000645604087299  
0.390990990990991  0.000653221464522  
0.398198198198198  0.000662049470020  
0.405405405405405  0.000672126149230  
0.412612612612613  0.000683497735044  
0.419819819819820  0.000696219176849  
0.427027027027027  0.000710354788884  
0.434234234234234  0.000725979030776  
0.441441441441441  0.000743177436042  
0.448648648648649  0.000762047707695  
0.455855855855856  0.000782701003972  
0.463063063063063  0.000805263441696  
0.470270270270270  0.000829877850060  
0.477477477477477  0.000856705813728  
0.484684684684685  0.000885930051361  
0.491891891891892  0.000917757184027  
0.499099099099099  0.000952420957669  
0.506306306306306  0.000990185995063  
0.513513513513514  0.001031352165488  
0.520720720720721  0.001076259674780  
0.527927927927928  0.001125294994301  
0.535135135135135  0.001178897764180  
0.542342342342342  0.001237568822982  
0.549549549549549  0.001301879530839  
0.556756756756757  0.001372482562897  
0.563963963963964  0.001450124349118  
0.571171171171171  0.001535659316266  
0.578378378378378  0.001630066033797  
0.585585585585586  0.001734465254772  
0.592792792792793  0.001850139640071  
0.600000000000000  0.001978554604408  
0.607207207207207  0.002121379142338  
0.614414414414414  0.002280504557558  
0.621621621621622  0.002458057548996  
0.628828828828829  0.002656401851053  
0.636036036036036  0.002878119253617  
0.643243243243243  0.003125955954578  
0.650450450450450  0.003402713477915  
0.657657657657658  0.003711054771315  
0.664864864864865  0.004053186378380  
0.672072072072072  0.004430369477878  
0.679279279279279  0.004842212457769  
0.686486486486487  0.005285717700904  
0.693693693693694  0.005754114426627  
0.700900900900901  0.006235629547463  
0.708108108108108  0.006712537543438  
0.715315315315315  0.007161047496436  
0.722522522522522  0.007552699278449  
0.729729729729730  0.007857734525927  
0.736936936936937  0.008050215293521  
0.744144144144144  0.008113635505294  
0.751351351351351  0.008045022060493  
0.758558558558559  0.007855781357274  
0.765765765765766  0.007568908968366  
0.772972972972973  0.007213802940282  
0.780180180180180  0.006820721276225  
0.787387387387387  0.006416556248329  
0.794594594594595  0.006022597451202  
0.801801801801802  0.005654065946182  
0.809009009009009  0.005320786429198  
0.816216216216216  0.005028363859354  
0.823423423423423  0.004779424243984  
0.830630630630631  0.004574690046155  
0.837837837837838  0.004413811774912  
0.845045045045045  0.004295960135368  
0.852252252252252  0.004220216176850  
0.859459459459460  0.004185801242836  
0.866666666666667  0.004192179166347  
0.873873873873874  0.004239048492317  
0.881081081081081  0.004326226589593  
0.888288288288288  0.004453412426813  
0.895495495495495  0.004619802824319  
0.902702702702703  0.004823532745654  
0.909909909909910  0.005060922560737  
0.917117117117117  0.005325558429549  
0.924324324324324  0.005607322563869  
0.931531531531532  0.005891634406198  
0.938738738738739  0.006159330952945  
0.945945945945946  0.006387704398691  
0.953153153153153  0.006553061246634  
0.960360360360360  0.006634638795057  
0.967567567567568  0.006618923738518  
0.974774774774775  0.006502832521013  
0.981981981981982  0.006294397925341  
0.989189189189189  0.006010646473200  
0.996396396396396  0.005673606226500  
1.003603603603604  0.005306015555513  
1.010810810810811  0.004928032050429  
1.018018018018018  0.004555472123570  
1.025225225225225  0.004199421550178  
1.032432432432433  0.003866730986799  
1.039639639639640  0.003560906486883  
1.046846846846847  0.003283053140896  
1.054054054054054  0.003032693242757  
1.061261261261261  0.002808398292718  
1.068468468468468  0.002608239602199  
1.075675675675676  0.002430089553451  
1.082882882882883  0.002271811161939  
1.090090090090090  0.002131369348010  
1.097297297297297  0.002006890017101  
1.104504504504505  0.001896685872120  
1.111711711711712  0.001799262005809  
1.118918918918919  0.001713309934994  
1.126126126126126  0.001637695645421  
1.133333333333333  0.001571445117907  
1.140540540540541  0.001513729425474  
1.147747747747748  0.001463850605371  
1.154954954954955  0.001421228956401  
1.162162162162162  0.001385392076585  
1.169369369369369  0.001355965761420  
1.176576576576577  0.001332666777252  
1.183783783783784  0.001315297473638  
1.190990990990991  0.001303742180882  
1.198198198198198  0.001297965339373  
1.205405405405406  0.001298011315324  
1.212612612612613  0.001304005864754  
1.219819819819820  0.001316159205458  
1.227027027027027  0.001334770635369  
1.234234234234234  0.001360234580733  
1.241441441441441  0.001393047848237  
1.248648648648649  0.001433817659808  
1.255855855855856  0.001483269720066  
1.263063063063063  0.001542255034235  
1.270270270270270  0.001611753358321  
1.277477477477478  0.001692869885577  
1.284684684684685  0.001786819877953  
1.291891891891892  0.001894893243773  
1.299099099099099  0.002018387396563  
1.306306306306306  0.002158492170839  
1.313513513513514  0.002316105743818  
1.320720720720721  0.002491557233632  
1.327927927927928  0.002684213883410  
1.335135135135135  0.002891965654370  
1.342342342342342  0.003110618022988  
1.349549549549550  0.003333294876540  
1.356756756756757  0.003550056367667  
1.363963963963964  0.003748038878145  
1.371171171171171  0.003912444306827  
1.378378378378379  0.004028531716896  
1.385585585585586  0.004084346536575  
1.392792792792793  0.004073409131192  
1.400000000000000  0.003996333759178  
1.407207207207207  0.003860667317198  
1.414414414414414  0.003679021283433  
1.421621621621622  0.003466304104688  
1.428828828828829  0.003237075655002  
1.436036036036036  0.003003721686789  
1.443243243243243  0.002775627862784  
1.450450450450451  0.002559153003548  
1.457657657657658  0.002358067052380  
1.464864864864865  0.002174161113200  
1.472072072072072  0.002007843647579  
1.479279279279279  0.001858635598450  
1.486486486486487  0.001725542232428  
1.493693693693694  0.001607312729464  
1.500900900900901  0.001502610642735  
1.508108108108108  0.001410119243203  
1.515315315315315  0.001328602013880  
1.522522522522523  0.001256933692299  
1.529729729729730  0.001194112829605  
1.536936936936937  0.001139263335504  
1.544144144144144  0.001091629921540  
1.551351351351351  0.001050570577683  
1.558558558558559  0.001015548024671  
1.565765765765766  0.000986121306702  
1.572972972972973  0.000961938194348  
1.580180180180180  0.000942728760612  
1.587387387387387  0.000928300307347  
1.594594594594595  0.000918533709017  
1.601801801801802  0.000913381174355  
1.609009009009009  0.000912865380719  
1.616216216216216  0.000917079892372  
1.623423423423423  0.000926190714562  
1.630630630630631  0.000940438739779  
1.637837837837838  0.000960142684092  
1.645045045045045  0.000985701852819  
1.652252252252252  0.001017597663278  
1.659459459459460  0.001056392215427  
1.666666666666667  0.001102721243878  
1.673873873873874  0.001157277395654  
1.681081081081081  0.001220777856013  
1.688288288288288  0.001293907870004  
1.695495495495495  0.001377228900575  
1.702702702702703  0.001471037787634  
1.709909909909910  0.001575163126284  
1.717117117117117  0.001688690625015  
1.724324324324324  0.001809625886053  
1.731531531531532  0.001934537197961  
1.738738738738739  0.002058275098357  
1.745945945945946  0.002173928458929  
1.753153153153153  0.002273211551787  
1.760360360360360  0.002347420618333  
1.767567567567568  0.002388902304662  
1.774774774774775  0.002392679845074  
1.781981981981982  0.002357660419926  
1.789189189189189  0.002286911313846  
1.796396396396396  0.002186879349847  
1.803603603603604  0.002065900463468  
1.810810810810811  0.001932588065676  
1.818018018018018  0.001794591314865  
1.825225225225225  0.001657926961042  
1.832432432432433  0.001526827739679  
1.839639639639640  0.001403925719654  
1.846846846846847  0.001290586155827  
1.854054054054054  0.001187262587442  
1.861261261261261  0.001093805353363  
1.868468468468469  0.001009700253609  
1.875675675675676  0.000934238912924  
1.882882882882883  0.000866632806140  
1.890090090090090  0.000806085085985  
1.897297297297297  0.000751832792160  
1.904504504504504  0.000703169281851  
1.911711711711712  0.000659454021652  
1.918918918918919  0.000620114665558  
1.926126126126126  0.000584644687934  
1.933333333333333  0.000552598671312  
1.940540540540540  0.000523586554879  
1.947747747747748  0.000497267625904  
1.954954954954955  0.000473344699481  
1.962162162162162  0.000451558720332  
1.969369369369369  0.000431683890972  
1.976576576576577  0.000413523353875  
1.983783783783784  0.000396905412179  
1.990990990990991  0.000381680251006  
1.998198198198198  0.000367717111666  
2.005405405405405  0.000354901868614  
2.012612612612612  0.000343134960759  
2.019819819819820  0.000332329632672  
2.027027027027027  0.000322410446117  
2.034234234234234  0.000313312027509  
2.041441441441441  0.000304978021914  
2.048648648648649  0.000297360228943  
2.055855855855856  0.000290417900101  
2.063063063063063  0.000284117181018  
2.070270270270270  0.000278430685165  
2.077477477477477  0.000273337188447  
2.084684684684685  0.000268821436036  
2.091891891891892  0.000264874054024  
2.099099099099099  0.000261491558444  
2.106306306306306  0.000258676452481  
2.113513513513513  0.000256437398271  
2.120720720720720  0.000254789441362  
2.127927927927928  0.000253754251359  
2.135135135135135  0.000253360318661  
2.142342342342342  0.000253643009837  
2.149549549549549  0.000254644327325  
2.156756756756756  0.000256412135181  
2.163963963963964  0.000258998493761  
2.171171171171171  0.000262456587956  
2.178378378378378  0.000266835542276  
2.185585585585585  0.000272172226272  
2.192792792792793  0.000278479056666  
2.200000000000000  0.000285726987816  
2.207207207207207  0.000293823676315  
2.214414414414414  0.000302588649692  
2.221621621621622  0.000311730556283  
2.228828828828829  0.000320835945056  
2.236036036036036  0.000329382747944  
2.243243243243243  0.000336790923031  
2.250450450450450  0.000342513153230  
2.257657657657658  0.000346149573288  
2.264864864864865  0.000347550669799  
2.272072072072072  0.000346867211270  
2.279279279279279  0.000344524798383  
2.286486486486486  0.000341134181118  
2.293693693693693  0.000337374227286  
2.300900900900901  0.000333886875407  
2.308108108108108  0.000331206527544  
2.315315315315315  0.000329725443980  
2.322522522522522  0.000329683536543  
2.329729729729729  0.000331167888185  
2.336936936936937  0.000334111019675  
2.344144144144144  0.000338283612662  
2.351351351351351  0.000343285065415  
2.358558558558558  0.000348542900126  
2.365765765765766  0.000353337744300  
2.372972972972973  0.000356870215642  
2.380180180180180  0.000358374503134  
2.387387387387387  0.000357260244158  
2.394594594594595  0.000353239739745  
2.401801801801802  0.000346390559944  
2.409009009009009  0.000337126058615  
2.416216216216216  0.000326087357000  
2.423423423423423  0.000314002323317  
2.430630630630631  0.000301560720033  
2.437837837837838  0.000289334510059  
2.445045045045045  0.000277746936907  
2.452252252252252  0.000267077824535  
2.459459459459459  0.000257488354878  
2.466666666666666  0.000249051859980  
2.473873873873874  0.000241782614397  
2.481081081081081  0.000235659187671  
2.488288288288288  0.000230641755333  
2.495495495495495  0.000226684129497  
2.502702702702702  0.000223741704411  
2.509909909909910  0.000221776477900  
2.517117117117117  0.000220760093290  
2.524324324324324  0.000220675594924  
2.531531531531531  0.000221518363262  
2.538738738738739  0.000223296506798  
2.545945945945946  0.000226030830686  
2.553153153153153  0.000229754361577  
2.560360360360360  0.000234511268619  
2.567567567567568  0.000240354868837  
2.574774774774775  0.000247344235711  
2.581981981981982  0.000255538755202  
2.589189189189189  0.000264989840647  
2.596396396396396  0.000275729033221  
2.603603603603604  0.000287752066023  
2.610810810810811  0.000300999416016  
2.618018018018018  0.000315335628763  
2.625225225225225  0.000330532179335  
2.632432432432432  0.000346261017055  
2.639639639639639  0.000362106558849  
2.646846846846847  0.000377600996183  
2.654054054054054  0.000392281377528  
2.661261261261261  0.000405759944614  
2.668468468468468  0.000417795285713  
2.675675675675675  0.000428351202608  
2.682882882882883  0.000437629781227  
2.690090090090090  0.000446065204475  
2.697297297297297  0.000454270814445  
2.704504504504504  0.000462945977610  
2.711711711711712  0.000472763488545  
2.718918918918919  0.000484262005062  
2.726126126126126  0.000497760190446  
2.733333333333333  0.000513298475617  
2.740540540540541  0.000530609338625  
2.747747747747748  0.000549119107253  
2.754954954954955  0.000567987709452  
2.762162162162162  0.000586189462966  
2.769369369369369  0.000602624634661  
2.776576576576577  0.000616235731888  
2.783783783783784  0.000626100436669  
2.790990990990991  0.000631493432773  
2.798198198198198  0.000631937048830  
2.805405405405405  0.000627265498065  
2.812612612612612  0.000617697878689  
2.819819819819820  0.000603877638081  
2.827027027027027  0.000586831393344  
2.834234234234234  0.000567837898078  
2.841441441441441  0.000548246882081  
2.848648648648648  0.000529308551593  
2.855855855855856  0.000512058385249  
2.863063063063063  0.000497268654559  
2.870270270270270  0.000485451717451  
2.877477477477477  0.000476890168067  
2.884684684684685  0.000471671865132  
2.891891891891892  0.000469716396315  
2.899099099099099  0.000470788717414  
2.906306306306306  0.000474503819394  
2.913513513513514  0.000480333001742  
2.920720720720721  0.000487626573933  
2.927927927927928  0.000495666712752  
2.935135135135135  0.000503754679131  
2.942342342342342  0.000511319593647  
2.949549549549550  0.000518019896827  
2.956756756756757  0.000523805382888  
2.963963963963964  0.000528921324852  
2.971171171171171  0.000533856908535  
2.978378378378378  0.000539254074207  
2.985585585585585  0.000545795868052  
2.992792792792793  0.000554091155983  
3.000000000000000  0.000564570029851  
3.007207207207207  0.000577401910743  
3.014414414414414  0.000592446165730  
3.021621621621621  0.000609243769184  
3.028828828828829  0.000627056386914  
3.036036036036036  0.000644950968735  
3.043243243243243  0.000661910613991  
3.050450450450450  0.000676934100482  
3.057657657657658  0.000689085597900  
3.064864864864865  0.000697485357525  
3.072072072072072  0.000701278267284  
3.079279279279279  0.000699644081430  
3.086486486486486  0.000691893360322  
3.093693693693694  0.000677635199170  
3.100900900900901  0.000656946055362  
3.108108108108108  0.000630452935608  
3.115315315315315  0.000599280164510  
3.122522522522523  0.000564873323998  
3.129729729729730  0.000528766150713  
3.136936936936937  0.000492368199495  
3.144144144144144  0.000456825155886  
3.151351351351351  0.000422964010696  
3.158558558558558  0.000391305529524  
3.165765765765766  0.000362115332079  
3.172972972972973  0.000335468093035  
3.180180180180180  0.000311308424224  
3.187387387387387  0.000289500723268  
3.194594594594594  0.000269866200158  
3.201801801801802  0.000252208383082  
3.209009009009009  0.000236329529880  
3.216216216216216  0.000222040426480  
3.223423423423423  0.000209165657632  
3.230630630630630  0.000197545930879  
3.237837837837838  0.000187038576393  
3.245045045045045  0.000177516983269  
3.252252252252252  0.000168869468068  
3.259459459459459  0.000160997887488  
3.266666666666667  0.000153816183660  
3.273873873873874  0.000147248970326  
3.281081081081081  0.000141230217235  
3.288288288288288  0.000135702058752  
3.295495495495496  0.000130613733954  
3.302702702702703  0.000125920654864  
3.309909909909910  0.000121583593911  
3.317117117117117  0.000117567979142  
3.324324324324324  0.000113843285035  
3.331531531531531  0.000110382507049  
3.338738738738739  0.000107161708921  
3.345945945945946  0.000104159632771  
3.353153153153153  0.000101357363255  
3.360360360360360  0.000098738038110  
3.367567567567567  0.000096286598480  
3.374774774774774  0.000093989573332  
3.381981981981982  0.000091834893115  
3.389189189189189  0.000089811728512  
3.396396396396396  0.000087910350763  
3.403603603603603  0.000086122010572  
3.410810810810811  0.000084438833063  
3.418018018018018  0.000082853726621  
3.425225225225225  0.000081360303828  
3.432432432432432  0.000079952812937  
3.439639639639640  0.000078626078613  
3.446846846846847  0.000077375450842  
3.454054054054054  0.000076196761133  
3.461261261261261  0.000075086285253  
3.468468468468469  0.000074040711915  
3.475675675675676  0.000073057116923  
3.482882882882883  0.000072132942446  
3.490090090090090  0.000071265981131  
3.497297297297297  0.000070454364927  
3.504504504504504  0.000069696558529  
3.511711711711711  0.000068991357473  
3.518918918918919  0.000068337890952  
3.526126126126126  0.000067735629519  
3.533333333333333  0.000067184397844  
3.540540540540540  0.000066684392713  
3.547747747747747  0.000066236206375  
3.554954954954955  0.000065840855179  
3.562162162162162  0.000065499813090  
3.569369369369369  0.000065215049049  
3.576576576576576  0.000064989066097  
3.583783783783784  0.000064824938487  
3.590990990990991  0.000064726340290  
3.598198198198198  0.000064697554871  
3.605405405405405  0.000064743448434  
3.612612612612613  0.000064869381882  
3.619819819819820  0.000065081023082  
3.627027027027027  0.000065384006129  
3.634234234234234  0.000065783367289  
3.641441441441441  0.000066282674298  
3.648648648648649  0.000066882769075  
3.655855855855856  0.000067580086608  
3.663063063063063  0.000068364629423  
3.670270270270270  0.000069217904514  
3.677477477477477  0.000070111473179  
3.684684684684684  0.000071007132348  
3.691891891891892  0.000071859881852  
3.699099099099099  0.000072624347887  
3.706306306306306  0.000073263990756  
3.713513513513513  0.000073760609314  
3.720720720720720  0.000074120530873  
3.727927927927928  0.000074374629302  
3.735135135135135  0.000074571861786  
3.742342342342342  0.000074768720249  
3.749549549549549  0.000075018091960  
3.756756756756757  0.000075360206483  
3.763963963963964  0.000075816730670  
3.771171171171171  0.000076387933638  
3.778378378378378  0.000077052658355  
3.785585585585586  0.000077771255882  
3.792792792792793  0.000078491904283  
3.800000000000000  0.000079160138697  
3.807207207207207  0.000079729809678  
3.814414414414414  0.000080171902388  
3.821621621621621  0.000080477269949  
3.828828828828828  0.000080651391117  
3.836036036036035  0.000080702956228  
3.843243243243244  0.000080631197339  
3.850450450450451  0.000080417651013  
3.857657657657658  0.000080026333076  
3.864864864864865  0.000079413018443  
3.872072072072072  0.000078540544520  
3.879279279279279  0.000077394129461  
3.886486486486486  0.000075990276727  
3.893693693693693  0.000074375733498  
3.900900900900901  0.000072617730146  
3.908108108108108  0.000070790326100  
3.915315315315315  0.000068962132734  
3.922522522522522  0.000067188543156  
3.929729729729730  0.000065508902263  
3.936936936936937  0.000063947335883  
3.944144144144144  0.000062515512654  
3.951351351351351  0.000061215953739  
3.958558558558559  0.000060045073420  
3.965765765765766  0.000058995608511  
3.972972972972973  0.000058058387226  
3.980180180180180  0.000057223526728  
3.987387387387387  0.000056481190899  
3.994594594594594  0.000055822034182  
4.001801801801801  0.000055237433600  
4.009009009009008  0.000054719584686  
4.016216216216216  0.000054261514234  
4.023423423423424  0.000053857045311  
4.030630630630631  0.000053500737402  
4.037837837837838  0.000053187815941  
4.045045045045045  0.000052914099755  
4.052252252252252  0.000052675931251  
4.059459459459459  0.000052470111850  
4.066666666666666  0.000052293843750  
4.073873873873874  0.000052144678253  
4.081081081081081  0.000052020470420  
4.088288288288288  0.000051919339572  
4.095495495495495  0.000051839635065  
4.102702702702703  0.000051779906719  
4.109909909909910  0.000051738879323  
4.117117117117117  0.000051715430679  
4.124324324324324  0.000051708572697  
4.131531531531532  0.000051717435111  
4.138738738738739  0.000051741251461  
4.145945945945946  0.000051779346990  
4.153153153153153  0.000051831128217  
4.160360360360360  0.000051896073920  
4.167567567567567  0.000051973727345  
4.174774774774774  0.000052063689467  
4.181981981981981  0.000052165613148  
4.189189189189189  0.000052279198091  
4.196396396396397  0.000052404186460  
4.203603603603604  0.000052540359090  
4.210810810810811  0.000052687532218  
4.218018018018018  0.000052845554653  
4.225225225225225  0.000053014305354  
4.232432432432432  0.000053193691347  
4.239639639639639  0.000053383645965  
4.246846846846847  0.000053584127366  
4.254054054054054  0.000053795117304  
4.261261261261261  0.000054016620138  
4.268468468468468  0.000054248662065  
4.275675675675676  0.000054491290547  
4.282882882882883  0.000054744573952  
4.290090090090090  0.000055008601380  
4.297297297297297  0.000055283482683  
4.304504504504505  0.000055569348689  
4.311711711711712  0.000055866351623  
4.318918918918919  0.000056174665749  
4.326126126126126  0.000056494488240  
4.333333333333333  0.000056826040303  
4.340540540540540  0.000057169568582  
4.347747747747747  0.000057525346865  
4.354954954954954  0.000057893678145  
4.362162162162162  0.000058274897071  
4.369369369369370  0.000058669372832  
4.376576576576577  0.000059077512547  
4.383783783783784  0.000059499765202  
4.390990990990991  0.000059936626199  
4.398198198198198  0.000060388642560  
4.405405405405405  0.000060856418827  
4.412612612612612  0.000061340623614  
4.419819819819820  0.000061841996749  
4.427027027027027  0.000062361356756  
4.434234234234234  0.000062899608247  
4.441441441441441  0.000063457748426  
4.448648648648649  0.000064036871363  
4.455855855855856  0.000064638167881  
4.463063063063063  0.000065262917645  
4.470270270270270  0.000065912468283  
4.477477477477477  0.000066588193997  
4.484684684684685  0.000067291423103  
4.491891891891892  0.000068023320778  
4.499099099099099  0.000068784711017  
4.506306306306306  0.000069575823075  
4.513513513513513  0.000070395957031  
4.520720720720720  0.000071243087352  
4.527927927927927  0.000072113469272  
4.535135135135135  0.000073001380018  
4.542342342342343  0.000073899195220  
4.549549549549550  0.000074798017712  
4.556756756756757  0.000075688967519  
4.563963963963964  0.000076564972103  
4.571171171171171  0.000077422555844  
4.578378378378378  0.000078262950000  
4.585585585585585  0.000079092037710  
4.592792792792793  0.000079919158237  
4.600000000000000  0.000080755287217  
4.607207207207207  0.000081611267448  
4.614414414414414  0.000082496562330  
4.621621621621622  0.000083418663087  
4.628828828828829  0.000084383025952  
4.636036036036036  0.000085393324383  
4.643243243243243  0.000086451831183  
4.650450450450450  0.000087559821140  
4.657657657657658  0.000088717953078  
4.664864864864865  0.000089926626858  
4.672072072072072  0.000091186312641  
4.679279279279279  0.000092497829380  
4.686486486486486  0.000093862531851  
4.693693693693693  0.000095282374390  
4.700900900900900  0.000096759856718  
4.708108108108108  0.000098297898123  
4.715315315315316  0.000099899702358  
4.722522522522523  0.000101568660439  
4.729729729729730  0.000103308308979  
4.736936936936937  0.000105122337386  
4.744144144144144  0.000107014626884  
4.751351351351351  0.000108989304953  
4.758558558558558  0.000111050804263  
4.765765765765765  0.000113203920880  
4.772972972972973  0.000115453870493  
4.780180180180180  0.000117806343569  
4.787387387387387  0.000120267561319  
4.794594594594595  0.000122844334515  
4.801801801801802  0.000125544127219  
4.809009009009009  0.000128375127306  
4.816216216216216  0.000131346325630  
4.823423423423423  0.000134467605671  
4.830630630630631  0.000137749845591  
4.837837837837838  0.000141205034827  
4.845045045045045  0.000144846407613  
4.852252252252252  0.000148688596174  
4.859459459459459  0.000152747806781  
4.866666666666666  0.000157042022403  
4.873873873873873  0.000161591236326  
4.881081081081081  0.000166417721850  
4.888288288288289  0.000171546344113  
4.895495495495496  0.000177004921034  
4.902702702702703  0.000182824641637  
4.909909909909910  0.000189040551248  
4.917117117117117  0.000195692114573  
4.924324324324324  0.000202823869181  
4.931531531531531  0.000210486183425  
4.938738738738738  0.000218736134231  
4.945945945945946  0.000227638521014  
4.953153153153153  0.000237267031895  
4.960360360360360  0.000247705576477  
4.967567567567568  0.000259049794362  
4.974774774774775  0.000271408738349  
4.981981981981982  0.000284906712435  
4.989189189189189  0.000299685212374  
4.996396396396396  0.000315904863010  
5.003603603603604  0.000333747160349  
5.010810810810811  0.000353415691173  
5.018018018018018  0.000375136295855  
5.025225225225225  0.000399155331694  
5.032432432432432  0.000425734750453  
5.039639639639639  0.000455142096795  
5.046846846846846  0.000487632765436  
5.054054054054054  0.000523421009707  
5.061261261261262  0.000562635541671  
5.068468468468469  0.000605255714667  
5.075675675675676  0.000651026371116  
5.082882882882883  0.000699355197456  
5.090090090090090  0.000749207706355  
5.097297297297297  0.000799032101368  
5.104504504504504  0.000846764847933  
5.111711711711711  0.000889975137110  
5.118918918918919  0.000926183275901  
5.126126126126126  0.000953322144478  
5.133333333333333  0.000970220720340  
5.140540540540541  0.000976932038994  
5.147747747747748  0.000974764679028  
5.154954954954955  0.000966004048853  
5.162162162162162  0.000953446045667  
5.169369369369369  0.000939921178542  
5.176576576576577  0.000927943564646  
5.183783783783784  0.000919529396746  
5.190990990990991  0.000916155876050  
5.198198198198198  0.000918800190250  
5.205405405405405  0.000928000598765  
5.212612612612612  0.000943899090075  
5.219819819819819  0.000966244190733  
5.227027027027027  0.000994349326185  
5.234234234234235  0.001027018603111  
5.241441441441442  0.001062471247371  
5.248648648648649  0.001098317914227  
5.255855855855856  0.001131658002753  
5.263063063063063  0.001159358065539  
5.270270270270270  0.001178517241137  
5.277477477477477  0.001187028832957  
5.284684684684684  0.001184055365217  
5.291891891891892  0.001170223538135  
5.299099099099099  0.001147451611982  
5.306306306306306  0.001118487154932  
5.313513513513514  0.001086346002635  
5.320720720720721  0.001053840064581  
5.327927927927928  0.001023293210222  
5.335135135135135  0.000996446603021  
5.342342342342342  0.000974498156360  
5.349549549549550  0.000958210112162  
5.356756756756757  0.000948034229453  
5.363963963963964  0.000944225628576  
5.371171171171171  0.000946933371446  
5.378378378378378  0.000956265878488  
5.385585585585585  0.000972333627882  
5.392792792792792  0.000995272399713  
5.399999999999999  0.001025249319700  
5.407207207207207  0.001062452191610  
5.414414414414415  0.001107060745385  
5.421621621621622  0.001159197061052  
5.428828828828829  0.001218852422592  
5.436036036036036  0.001285790629041  
5.443243243243243  0.001359435309095  
5.450450450450450  0.001438762770560  
5.457657657657657  0.001522241523330  
5.464864864864865  0.001607877508039  
5.472072072072072  0.001693423501495  
5.479279279279279  0.001776771080076  
5.486486486486486  0.001856458060089  
5.493693693693694  0.001932127674666  
5.500900900900901  0.002004738548988  
5.508108108108108  0.002076398430769  
5.515315315315315  0.002149848586476  
5.522522522522523  0.002227759328495  
5.529729729729730  0.002312033049885  
5.536936936936937  0.002403260777176  
5.544144144144144  0.002500409622975  
5.551351351351351  0.002600780053768  
5.558558558558558  0.002700255275959  
5.565765765765765  0.002793827371355  
5.572972972972972  0.002876302505600  
5.580180180180180  0.002943000965979  
5.587387387387388  0.002990265495682  
5.594594594594595  0.003015715666869  
5.601801801801802  0.003018348473478  
5.609009009009009  0.002998627400368  
5.616216216216216  0.002958574936382  
5.623423423423423  0.002901727347004  
5.630630630630630  0.002832807955951  
5.637837837837838  0.002757142588395  
5.645045045045045  0.002680015692422  
5.652252252252252  0.002606192543217  
5.659459459459459  0.002539711836245  
5.666666666666667  0.002483902611189  
5.673873873873874  0.002441505620888  
5.681081081081081  0.002414798498621  
5.688288288288288  0.002405684228875  
5.695495495495495  0.002415746834056  
5.702702702702703  0.002446287254169  
5.709909909909910  0.002498339318638  
5.717117117117117  0.002572650423949  
5.724324324324324  0.002669604369410  
5.731531531531531  0.002789066186914  
5.738738738738738  0.002930140453857  
5.745945945945945  0.003090857801847  
5.753153153153153  0.003267842543301  
5.760360360360361  0.003456064968402  
5.767567567567568  0.003648825370394  
5.774774774774775  0.003838110086754  
5.781981981981982  0.004015352709263  
5.789189189189189  0.004172423929568  
5.796396396396396  0.004302468751132  
5.803603603603603  0.004400201804145  
5.810810810810811  0.004461568701437  
5.818018018018018  0.004483134449855  
5.825225225225225  0.004461818083645  
5.832432432432432  0.004395399829822  
5.839639639639640  0.004283671594221  
5.846846846846847  0.004129578014870  
5.854054054054054  0.003939605900758  
5.861261261261261  0.003723099479202  
5.868468468468468  0.003490779602630  
5.875675675675676  0.003253092967685  
5.882882882882883  0.003018948607160  
5.890090090090090  0.002795082626602  
5.897297297297297  0.002585991722093  
5.904504504504504  0.002394229522842  
5.911711711711711  0.002220855340809  
5.918918918918918  0.002065888933720  
5.926126126126126  0.001928696388209  
5.933333333333334  0.001808283820173  
5.940540540540541  0.001703503881521  
5.947747747747748  0.001613191374260  
5.954954954954955  0.001536245959874  
5.962162162162162  0.001471677299191  
5.969369369369369  0.001418623956788  
5.976576576576576  0.001376353439975  
5.983783783783784  0.001344247314082  
5.990990990990991  0.001321772572715  
5.998198198198198  0.001308438451835  
6.005405405405405  0.001303737000703  
6.012612612612613  0.001307066733959  
6.019819819819820  0.001317642849589  
6.027027027027027  0.001334406175377  
6.034234234234234  0.001355956336398  
6.041441441441441  0.001380548912881  
6.048648648648649  0.001406201331672  
6.055855855855856  0.001430932543798  
6.063063063063063  0.001453107953877  
6.070270270270270  0.001471789331674  
6.077477477477477  0.001486946436193  
6.084684684684684  0.001499420345198  
6.091891891891891  0.001510634704746  
6.099099099099099  0.001522164729919  
6.106306306306307  0.001535322502759  
6.113513513513514  0.001550883046583  
6.120720720720721  0.001568994451733  
6.127927927927928  0.001589232487182  
6.135135135135135  0.001610705887675  
6.142342342342342  0.001632113155662  
6.149549549549549  0.001651706255912  
6.156756756756756  0.001667213538277  
6.163963963963964  0.001675858359623  
6.171171171171171  0.001674615469677  
6.178378378378378  0.001660745018264  
6.185585585585586  0.001632473397805  
6.192792792792793  0.001589554389799  
6.200000000000000  0.001533451877816  
6.207207207207207  0.001467055510603  
6.214414414414414  0.001394062968164  
6.221621621621622  0.001318286437321  
6.228828828828829  0.001243108566162  
6.236036036036036  0.001171187655796  
6.243243243243243  0.001104392666557  
6.250450450450450  0.001043889093931  
6.257657657657657  0.000990293015896  
6.264864864864864  0.000943834415165  
6.272072072072072  0.000904498339135  
6.279279279279280  0.000872132546504  
6.286486486486487  0.000846521366225  
6.293693693693694  0.000827429835165  
6.300900900900901  0.000814622582042  
6.308108108108108  0.000807860486305  
6.315315315315315  0.000806876215262  
6.322522522522522  0.000811328306436  
6.329729729729729  0.000820733537400  
6.336936936936937  0.000834380278486  
6.344144144144144  0.000851232975141  
6.351351351351351  0.000869850773937  
6.358558558558559  0.000888359472718  
6.365765765765766  0.000904527066391  
6.372972972972973  0.000915983726393  
6.380180180180180  0.000920582434341  
6.387387387387387  0.000916821684728  
6.394594594594595  0.000904186493957  
6.401801801801802  0.000883265459638  
6.409009009009009  0.000855590402697  
6.416216216216216  0.000823270094649  
6.423423423423423  0.000788566388578  
6.430630630630630  0.000753549239782  
6.437837837837837  0.000719896551458  
6.445045045045045  0.000688832863218  
6.452252252252253  0.000661162068420  
6.459459459459460  0.000637344175823  
6.466666666666667  0.000617578903040  
6.473873873873874  0.000601875187241  
6.481081081081081  0.000590098562106  
6.488288288288288  0.000581996712626  
6.495495495495495  0.000577208872242  
6.502702702702702  0.000575268643068  
6.509909909909910  0.000575612537413  
6.517117117117117  0.000577606432862  
6.524324324324324  0.000580596612493  
6.531531531531532  0.000583980462476  
6.538738738738739  0.000587278731808  
6.545945945945946  0.000590185177913  
6.553153153153153  0.000592575816522  
6.560360360360360  0.000594474599593  
6.567567567567568  0.000595985683264  
6.574774774774775  0.000597210263539  
6.581981981981982  0.000598170473997  
6.589189189189189  0.000598764281816  
6.596396396396396  0.000598768850099  
6.603603603603603  0.000597893020552  
6.610810810810810  0.000595858992764  
6.618018018018018  0.000592481253054  
6.625225225225226  0.000587715601856  
6.632432432432433  0.000581669790940  
6.639639639639640  0.000574587115683  
6.646846846846847  0.000566822146412  
6.654054054054054  0.000558820265282  
6.661261261261261  0.000551098677796  
6.668468468468468  0.000544218652543  
6.675675675675675  0.000538741920759  
6.682882882882883  0.000535173285535  
6.690090090090090  0.000533898074413  
6.697297297297297  0.000535123143383  
6.704504504504505  0.000538826246380  
6.711711711711712  0.000544716191193  
6.718918918918919  0.000552208895602  
6.726126126126126  0.000560431372637  
6.733333333333333  0.000568271537435  
6.740540540540541  0.000574488908891  
6.747747747747748  0.000577884371294  
6.754954954954955  0.000577499404285  
6.762162162162162  0.000572791164660  
6.769369369369369  0.000563727573766  
6.776576576576576  0.000550772386298  
6.783783783783783  0.000534770970729  
6.790990990990991  0.000516780488817  
6.798198198198198  0.000497898099332  
6.805405405405406  0.000479128062503  
6.812612612612613  0.000461304671413  
6.819819819819820  0.000445066097710  
6.827027027027027  0.000430862379674  
6.834234234234234  0.000418979285081  
6.841441441441441  0.000409564355760  
6.848648648648648  0.000402647411763  
6.855855855855856  0.000398152697602  
6.863063063063063  0.000395903556090  
6.870270270270270  0.000395623884791  
6.877477477477478  0.000396944033355  
6.884684684684685  0.000399421096836  
6.891891891891892  0.000402581991072  
6.899099099099099  0.000405989428667  
6.906306306306306  0.000409316576413  
6.913513513513514  0.000412402900615  
6.920720720720721  0.000415262461363  
6.927927927927928  0.000418031916289  
6.935135135135135  0.000420870914142  
6.942342342342342  0.000423847163789  
6.949549549549549  0.000426843333052  
6.956756756756756  0.000429515955176  
6.963963963963964  0.000431324536556  
6.971171171171171  0.000431633530061  
6.978378378378379  0.000429867957278  
6.985585585585586  0.000425678177755  
6.992792792792793  0.000419055323831  
7.000000000000000  0.000410352790616  
