3432
127
191
223
239
247
251
253
254
319
351
367
375
379
381
382
415
431
439
443
445
446
463
471
475
477
478
487
491
493
494
499
501
502
505
506
508
575
607
623
631
635
637
638
671
687
695
699
701
702
719
727
731
733
734
743
747
749
750
755
757
758
761
762
764
799
815
823
827
829
830
847
855
859
861
862
871
875
877
878
883
885
886
889
890
892
911
919
923
925
926
935
939
941
942
947
949
950
953
954
956
967
971
973
974
979
981
982
985
986
988
995
997
998
1001
1002
1004
1009
1010
1012
1016
1087
1119
1135
1143
1147
1149
1150
1183
1199
1207
1211
1213
1214
1231
1239
1243
1245
1246
1255
1259
1261
1262
1267
1269
1270
1273
1274
1276
1311
1327
1335
1339
1341
1342
1359
1367
1371
1373
1374
1383
1387
1389
1390
1395
1397
1398
1401
1402
1404
1423
1431
1435
1437
1438
1447
1451
1453
1454
1459
1461
1462
1465
1466
1468
1479
1483
1485
1486
1491
1493
1494
1497
1498
1500
1507
1509
1510
1513
1514
1516
1521
1522
1524
1528
1567
1583
1591
1595
1597
1598
1615
1623
1627
1629
1630
1639
1643
1645
1646
1651
1653
1654
1657
1658
1660
1679
1687
1691
1693
1694
1703
1707
1709
1710
1715
1717
1718
1721
1722
1724
1735
1739
1741
1742
1747
1749
1750
1753
1754
1756
1763
1765
1766
1769
1770
1772
1777
1778
1780
1784
1807
1815
1819
1821
1822
1831
1835
1837
1838
1843
1845
1846
1849
1850
1852
1863
1867
1869
1870
1875
1877
1878
1881
1882
1884
1891
1893
1894
1897
1898
1900
1905
1906
1908
1912
1927
1931
1933
1934
1939
1941
1942
1945
1946
1948
1955
1957
1958
1961
1962
1964
1969
1970
1972
1976
1987
1989
1990
1993
1994
1996
2001
2002
2004
2008
2017
2018
2020
2024
2032
2111
2143
2159
2167
2171
2173
2174
2207
2223
2231
2235
2237
2238
2255
2263
2267
2269
2270
2279
2283
2285
2286
2291
2293
2294
2297
2298
2300
2335
2351
2359
2363
2365
2366
2383
2391
2395
2397
2398
2407
2411
2413
2414
2419
2421
2422
2425
2426
2428
2447
2455
2459
2461
2462
2471
2475
2477
2478
2483
2485
2486
2489
2490
2492
2503
2507
2509
2510
2515
2517
2518
2521
2522
2524
2531
2533
2534
2537
2538
2540
2545
2546
2548
2552
2591
2607
2615
2619
2621
2622
2639
2647
2651
2653
2654
2663
2667
2669
2670
2675
2677
2678
2681
2682
2684
2703
2711
2715
2717
2718
2727
2731
2733
2734
2739
2741
2742
2745
2746
2748
2759
2763
2765
2766
2771
2773
2774
2777
2778
2780
2787
2789
2790
2793
2794
2796
2801
2802
2804
2808
2831
2839
2843
2845
2846
2855
2859
2861
2862
2867
2869
2870
2873
2874
2876
2887
2891
2893
2894
2899
2901
2902
2905
2906
2908
2915
2917
2918
2921
2922
2924
2929
2930
2932
2936
2951
2955
2957
2958
2963
2965
2966
2969
2970
2972
2979
2981
2982
2985
2986
2988
2993
2994
2996
3000
3011
3013
3014
3017
3018
3020
3025
3026
3028
3032
3041
3042
3044
3048
3056
3103
3119
3127
3131
3133
3134
3151
3159
3163
3165
3166
3175
3179
3181
3182
3187
3189
3190
3193
3194
3196
3215
3223
3227
3229
3230
3239
3243
3245
3246
3251
3253
3254
3257
3258
3260
3271
3275
3277
3278
3283
3285
3286
3289
3290
3292
3299
3301
3302
3305
3306
3308
3313
3314
3316
3320
3343
3351
3355
3357
3358
3367
3371
3373
3374
3379
3381
3382
3385
3386
3388
3399
3403
3405
3406
3411
3413
3414
3417
3418
3420
3427
3429
3430
3433
3434
3436
3441
3442
3444
3448
3463
3467
3469
3470
3475
3477
3478
3481
3482
3484
3491
3493
3494
3497
3498
3500
3505
3506
3508
3512
3523
3525
3526
3529
3530
3532
3537
3538
3540
3544
3553
3554
3556
3560
3568
3599
3607
3611
3613
3614
3623
3627
3629
3630
3635
3637
3638
3641
3642
3644
3655
3659
3661
3662
3667
3669
3670
3673
3674
3676
3683
3685
3686
3689
3690
3692
3697
3698
3700
3704
3719
3723
3725
3726
3731
3733
3734
3737
3738
3740
3747
3749
3750
3753
3754
3756
3761
3762
3764
3768
3779
3781
3782
3785
3786
3788
3793
3794
3796
3800
3809
3810
3812
3816
3824
3847
3851
3853
3854
3859
3861
3862
3865
3866
3868
3875
3877
3878
3881
3882
3884
3889
3890
3892
3896
3907
3909
3910
3913
3914
3916
3921
3922
3924
3928
3937
3938
3940
3944
3952
3971
3973
3974
3977
3978
3980
3985
3986
3988
3992
4001
4002
4004
4008
4016
4033
4034
4036
4040
4048
4064
4159
4191
4207
4215
4219
4221
4222
4255
4271
4279
4283
4285
4286
4303
4311
4315
4317
4318
4327
4331
4333
4334
4339
4341
4342
4345
4346
4348
4383
4399
4407
4411
4413
4414
4431
4439
4443
4445
4446
4455
4459
4461
4462
4467
4469
4470
4473
4474
4476
4495
4503
4507
4509
4510
4519
4523
4525
4526
4531
4533
4534
4537
4538
4540
4551
4555
4557
4558
4563
4565
4566
4569
4570
4572
4579
4581
4582
4585
4586
4588
4593
4594
4596
4600
4639
4655
4663
4667
4669
4670
4687
4695
4699
4701
4702
4711
4715
4717
4718
4723
4725
4726
4729
4730
4732
4751
4759
4763
4765
4766
4775
4779
4781
4782
4787
4789
4790
4793
4794
4796
4807
4811
4813
4814
4819
4821
4822
4825
4826
4828
4835
4837
4838
4841
4842
4844
4849
4850
4852
4856
4879
4887
4891
4893
4894
4903
4907
4909
4910
4915
4917
4918
4921
4922
4924
4935
4939
4941
4942
4947
4949
4950
4953
4954
4956
4963
4965
4966
4969
4970
4972
4977
4978
4980
4984
4999
5003
5005
5006
5011
5013
5014
5017
5018
5020
5027
5029
5030
5033
5034
5036
5041
5042
5044
5048
5059
5061
5062
5065
5066
5068
5073
5074
5076
5080
5089
5090
5092
5096
5104
5151
5167
5175
5179
5181
5182
5199
5207
5211
5213
5214
5223
5227
5229
5230
5235
5237
5238
5241
5242
5244
5263
5271
5275
5277
5278
5287
5291
5293
5294
5299
5301
5302
5305
5306
5308
5319
5323
5325
5326
5331
5333
5334
5337
5338
5340
5347
5349
5350
5353
5354
5356
5361
5362
5364
5368
5391
5399
5403
5405
5406
5415
5419
5421
5422
5427
5429
5430
5433
5434
5436
5447
5451
5453
5454
5459
5461
5462
5465
5466
5468
5475
5477
5478
5481
5482
5484
5489
5490
5492
5496
5511
5515
5517
5518
5523
5525
5526
5529
5530
5532
5539
5541
5542
5545
5546
5548
5553
5554
5556
5560
5571
5573
5574
5577
5578
5580
5585
5586
5588
5592
5601
5602
5604
5608
5616
5647
5655
5659
5661
5662
5671
5675
5677
5678
5683
5685
5686
5689
5690
5692
5703
5707
5709
5710
5715
5717
5718
5721
5722
5724
5731
5733
5734
5737
5738
5740
5745
5746
5748
5752
5767
5771
5773
5774
5779
5781
5782
5785
5786
5788
5795
5797
5798
5801
5802
5804
5809
5810
5812
5816
5827
5829
5830
5833
5834
5836
5841
5842
5844
5848
5857
5858
5860
5864
5872
5895
5899
5901
5902
5907
5909
5910
5913
5914
5916
5923
5925
5926
5929
5930
5932
5937
5938
5940
5944
5955
5957
5958
5961
5962
5964
5969
5970
5972
5976
5985
5986
5988
5992
6000
6019
6021
6022
6025
6026
6028
6033
6034
6036
6040
6049
6050
6052
6056
6064
6081
6082
6084
6088
6096
6112
6175
6191
6199
6203
6205
6206
6223
6231
6235
6237
6238
6247
6251
6253
6254
6259
6261
6262
6265
6266
6268
6287
6295
6299
6301
6302
6311
6315
6317
6318
6323
6325
6326
6329
6330
6332
6343
6347
6349
6350
6355
6357
6358
6361
6362
6364
6371
6373
6374
6377
6378
6380
6385
6386
6388
6392
6415
6423
6427
6429
6430
6439
6443
6445
6446
6451
6453
6454
6457
6458
6460
6471
6475
6477
6478
6483
6485
6486
6489
6490
6492
6499
6501
6502
6505
6506
6508
6513
6514
6516
6520
6535
6539
6541
6542
6547
6549
6550
6553
6554
6556
6563
6565
6566
6569
6570
6572
6577
6578
6580
6584
6595
6597
6598
6601
6602
6604
6609
6610
6612
6616
6625
6626
6628
6632
6640
6671
6679
6683
6685
6686
6695
6699
6701
6702
6707
6709
6710
6713
6714
6716
6727
6731
6733
6734
6739
6741
6742
6745
6746
6748
6755
6757
6758
6761
6762
6764
6769
6770
6772
6776
6791
6795
6797
6798
6803
6805
6806
6809
6810
6812
6819
6821
6822
6825
6826
6828
6833
6834
6836
6840
6851
6853
6854
6857
6858
6860
6865
6866
6868
6872
6881
6882
6884
6888
6896
6919
6923
6925
6926
6931
6933
6934
6937
6938
6940
6947
6949
6950
6953
6954
6956
6961
6962
6964
6968
6979
6981
6982
6985
6986
6988
6993
6994
6996
7000
7009
7010
7012
7016
7024
7043
7045
7046
7049
7050
7052
7057
7058
7060
7064
7073
7074
7076
7080
7088
7105
7106
7108
7112
7120
7136
7183
7191
7195
7197
7198
7207
7211
7213
7214
7219
7221
7222
7225
7226
7228
7239
7243
7245
7246
7251
7253
7254
7257
7258
7260
7267
7269
7270
7273
7274
7276
7281
7282
7284
7288
7303
7307
7309
7310
7315
7317
7318
7321
7322
7324
7331
7333
7334
7337
7338
7340
7345
7346
7348
7352
7363
7365
7366
7369
7370
7372
7377
7378
7380
7384
7393
7394
7396
7400
7408
7431
7435
7437
7438
7443
7445
7446
7449
7450
7452
7459
7461
7462
7465
7466
7468
7473
7474
7476
7480
7491
7493
7494
7497
7498
7500
7505
7506
7508
7512
7521
7522
7524
7528
7536
7555
7557
7558
7561
7562
7564
7569
7570
7572
7576
7585
7586
7588
7592
7600
7617
7618
7620
7624
7632
7648
7687
7691
7693
7694
7699
7701
7702
7705
7706
7708
7715
7717
7718
7721
7722
7724
7729
7730
7732
7736
7747
7749
7750
7753
7754
7756
7761
7762
7764
7768
7777
7778
7780
7784
7792
7811
7813
7814
7817
7818
7820
7825
7826
7828
7832
7841
7842
7844
7848
7856
7873
7874
7876
7880
7888
7904
7939
7941
7942
7945
7946
7948
7953
7954
7956
7960
7969
7970
7972
7976
7984
8001
8002
8004
8008
8016
8032
8065
8066
8068
8072
8080
8096
8128
8255
8287
8303
8311
8315
8317
8318
8351
8367
8375
8379
8381
8382
8399
8407
8411
8413
8414
8423
8427
8429
8430
8435
8437
8438
8441
8442
8444
8479
8495
8503
8507
8509
8510
8527
8535
8539
8541
8542
8551
8555
8557
8558
8563
8565
8566
8569
8570
8572
8591
8599
8603
8605
8606
8615
8619
8621
8622
8627
8629
8630
8633
8634
8636
8647
8651
8653
8654
8659
8661
8662
8665
8666
8668
8675
8677
8678
8681
8682
8684
8689
8690
8692
8696
8735
8751
8759
8763
8765
8766
8783
8791
8795
8797
8798
8807
8811
8813
8814
8819
8821
8822
8825
8826
8828
8847
8855
8859
8861
8862
8871
8875
8877
8878
8883
8885
8886
8889
8890
8892
8903
8907
8909
8910
8915
8917
8918
8921
8922
8924
8931
8933
8934
8937
8938
8940
8945
8946
8948
8952
8975
8983
8987
8989
8990
8999
9003
9005
9006
9011
9013
9014
9017
9018
9020
9031
9035
9037
9038
9043
9045
9046
9049
9050
9052
9059
9061
9062
9065
9066
9068
9073
9074
9076
9080
9095
9099
9101
9102
9107
9109
9110
9113
9114
9116
9123
9125
9126
9129
9130
9132
9137
9138
9140
9144
9155
9157
9158
9161
9162
9164
9169
9170
9172
9176
9185
9186
9188
9192
9200
9247
9263
9271
9275
9277
9278
9295
9303
9307
9309
9310
9319
9323
9325
9326
9331
9333
9334
9337
9338
9340
9359
9367
9371
9373
9374
9383
9387
9389
9390
9395
9397
9398
9401
9402
9404
9415
9419
9421
9422
9427
9429
9430
9433
9434
9436
9443
9445
9446
9449
9450
9452
9457
9458
9460
9464
9487
9495
9499
9501
9502
9511
9515
9517
9518
9523
9525
9526
9529
9530
9532
9543
9547
9549
9550
9555
9557
9558
9561
9562
9564
9571
9573
9574
9577
9578
9580
9585
9586
9588
9592
9607
9611
9613
9614
9619
9621
9622
9625
9626
9628
9635
9637
9638
9641
9642
9644
9649
9650
9652
9656
9667
9669
9670
9673
9674
9676
9681
9682
9684
9688
9697
9698
9700
9704
9712
9743
9751
9755
9757
9758
9767
9771
9773
9774
9779
9781
9782
9785
9786
9788
9799
9803
9805
9806
9811
9813
9814
9817
9818
9820
9827
9829
9830
9833
9834
9836
9841
9842
9844
9848
9863
9867
9869
9870
9875
9877
9878
9881
9882
9884
9891
9893
9894
9897
9898
9900
9905
9906
9908
9912
9923
9925
9926
9929
9930
9932
9937
9938
9940
9944
9953
9954
9956
9960
9968
9991
9995
9997
9998
10003
10005
10006
10009
10010
10012
10019
10021
10022
10025
10026
10028
10033
10034
10036
10040
10051
10053
10054
10057
10058
10060
10065
10066
10068
10072
10081
10082
10084
10088
10096
10115
10117
10118
10121
10122
10124
10129
10130
10132
10136
10145
10146
10148
10152
10160
10177
10178
10180
10184
10192
10208
10271
10287
10295
10299
10301
10302
10319
10327
10331
10333
10334
10343
10347
10349
10350
10355
10357
10358
10361
10362
10364
10383
10391
10395
10397
10398
10407
10411
10413
10414
10419
10421
10422
10425
10426
10428
10439
10443
10445
10446
10451
10453
10454
10457
10458
10460
10467
10469
10470
10473
10474
10476
10481
10482
10484
10488
10511
10519
10523
10525
10526
10535
10539
10541
10542
10547
10549
10550
10553
10554
10556
10567
10571
10573
10574
10579
10581
10582
10585
10586
10588
10595
10597
10598
10601
10602
10604
10609
10610
10612
10616
10631
10635
10637
10638
10643
10645
10646
10649
10650
10652
10659
10661
10662
10665
10666
10668
10673
10674
10676
10680
10691
10693
10694
10697
10698
10700
10705
10706
10708
10712
10721
10722
10724
10728
10736
10767
10775
10779
10781
10782
10791
10795
10797
10798
10803
10805
10806
10809
10810
10812
10823
10827
10829
10830
10835
10837
10838
10841
10842
10844
10851
10853
10854
10857
10858
10860
10865
10866
10868
10872
10887
10891
10893
10894
10899
10901
10902
10905
10906
10908
10915
10917
10918
10921
10922
10924
10929
10930
10932
10936
10947
10949
10950
10953
10954
10956
10961
10962
10964
10968
10977
10978
10980
10984
10992
11015
11019
11021
11022
11027
11029
11030
11033
11034
11036
11043
11045
11046
11049
11050
11052
11057
11058
11060
11064
11075
11077
11078
11081
11082
11084
11089
11090
11092
11096
11105
11106
11108
11112
11120
11139
11141
11142
11145
11146
11148
11153
11154
11156
11160
11169
11170
11172
11176
11184
11201
11202
11204
11208
11216
11232
11279
11287
11291
11293
11294
11303
11307
11309
11310
11315
11317
11318
11321
11322
11324
11335
11339
11341
11342
11347
11349
11350
11353
11354
11356
11363
11365
11366
11369
11370
11372
11377
11378
11380
11384
11399
11403
11405
11406
11411
11413
11414
11417
11418
11420
11427
11429
11430
11433
11434
11436
11441
11442
11444
11448
11459
11461
11462
11465
11466
11468
11473
11474
11476
11480
11489
11490
11492
11496
11504
11527
11531
11533
11534
11539
11541
11542
11545
11546
11548
11555
11557
11558
11561
11562
11564
11569
11570
11572
11576
11587
11589
11590
11593
11594
11596
11601
11602
11604
11608
11617
11618
11620
11624
11632
11651
11653
11654
11657
11658
11660
11665
11666
11668
11672
11681
11682
11684
11688
11696
11713
11714
11716
11720
11728
11744
11783
11787
11789
11790
11795
11797
11798
11801
11802
11804
11811
11813
11814
11817
11818
11820
11825
11826
11828
11832
11843
11845
11846
11849
11850
11852
11857
11858
11860
11864
11873
11874
11876
11880
11888
11907
11909
11910
11913
11914
11916
11921
11922
11924
11928
11937
11938
11940
11944
11952
11969
11970
11972
11976
11984
12000
12035
12037
12038
12041
12042
12044
12049
12050
12052
12056
12065
12066
12068
12072
12080
12097
12098
12100
12104
12112
12128
12161
12162
12164
12168
12176
12192
12224
12319
12335
12343
12347
12349
12350
12367
12375
12379
12381
12382
12391
12395
12397
12398
12403
12405
12406
12409
12410
12412
12431
12439
12443
12445
12446
12455
12459
12461
12462
12467
12469
12470
12473
12474
12476
12487
12491
12493
12494
12499
12501
12502
12505
12506
12508
12515
12517
12518
12521
12522
12524
12529
12530
12532
12536
12559
12567
12571
12573
12574
12583
12587
12589
12590
12595
12597
12598
12601
12602
12604
12615
12619
12621
12622
12627
12629
12630
12633
12634
12636
12643
12645
12646
12649
12650
12652
12657
12658
12660
12664
12679
12683
12685
12686
12691
12693
12694
12697
12698
12700
12707
12709
12710
12713
12714
12716
12721
12722
12724
12728
12739
12741
12742
12745
12746
12748
12753
12754
12756
12760
12769
12770
12772
12776
12784
12815
12823
12827
12829
12830
12839
12843
12845
12846
12851
12853
12854
12857
12858
12860
12871
12875
12877
12878
12883
12885
12886
12889
12890
12892
12899
12901
12902
12905
12906
12908
12913
12914
12916
12920
12935
12939
12941
12942
12947
12949
12950
12953
12954
12956
12963
12965
12966
12969
12970
12972
12977
12978
12980
12984
12995
12997
12998
13001
13002
13004
13009
13010
13012
13016
13025
13026
13028
13032
13040
13063
13067
13069
13070
13075
13077
13078
13081
13082
13084
13091
13093
13094
13097
13098
13100
13105
13106
13108
13112
13123
13125
13126
13129
13130
13132
13137
13138
13140
13144
13153
13154
13156
13160
13168
13187
13189
13190
13193
13194
13196
13201
13202
13204
13208
13217
13218
13220
13224
13232
13249
13250
13252
13256
13264
13280
13327
13335
13339
13341
13342
13351
13355
13357
13358
13363
13365
13366
13369
13370
13372
13383
13387
13389
13390
13395
13397
13398
13401
13402
13404
13411
13413
13414
13417
13418
13420
13425
13426
13428
13432
13447
13451
13453
13454
13459
13461
13462
13465
13466
13468
13475
13477
13478
13481
13482
13484
13489
13490
13492
13496
13507
13509
13510
13513
13514
13516
13521
13522
13524
13528
13537
13538
13540
13544
13552
13575
13579
13581
13582
13587
13589
13590
13593
13594
13596
13603
13605
13606
13609
13610
13612
13617
13618
13620
13624
13635
13637
13638
13641
13642
13644
13649
13650
13652
13656
13665
13666
13668
13672
13680
13699
13701
13702
13705
13706
13708
13713
13714
13716
13720
13729
13730
13732
13736
13744
13761
13762
13764
13768
13776
13792
13831
13835
13837
13838
13843
13845
13846
13849
13850
13852
13859
13861
13862
13865
13866
13868
13873
13874
13876
13880
13891
13893
13894
13897
13898
13900
13905
13906
13908
13912
13921
13922
13924
13928
13936
13955
13957
13958
13961
13962
13964
13969
13970
13972
13976
13985
13986
13988
13992
14000
14017
14018
14020
14024
14032
14048
14083
14085
14086
14089
14090
14092
14097
14098
14100
14104
14113
14114
14116
14120
14128
14145
14146
14148
14152
14160
14176
14209
14210
14212
14216
14224
14240
14272
14351
14359
14363
14365
14366
14375
14379
14381
14382
14387
14389
14390
14393
14394
14396
14407
14411
14413
14414
14419
14421
14422
14425
14426
14428
14435
14437
14438
14441
14442
14444
14449
14450
14452
14456
14471
14475
14477
14478
14483
14485
14486
14489
14490
14492
14499
14501
14502
14505
14506
14508
14513
14514
14516
14520
14531
14533
14534
14537
14538
14540
14545
14546
14548
14552
14561
14562
14564
14568
14576
14599
14603
14605
14606
14611
14613
14614
14617
14618
14620
14627
14629
14630
14633
14634
14636
14641
14642
14644
14648
14659
14661
14662
14665
14666
14668
14673
14674
14676
14680
14689
14690
14692
14696
14704
14723
14725
14726
14729
14730
14732
14737
14738
14740
14744
14753
14754
14756
14760
14768
14785
14786
14788
14792
14800
14816
14855
14859
14861
14862
14867
14869
14870
14873
14874
14876
14883
14885
14886
14889
14890
14892
14897
14898
14900
14904
14915
14917
14918
14921
14922
14924
14929
14930
14932
14936
14945
14946
14948
14952
14960
14979
14981
14982
14985
14986
14988
14993
14994
14996
15000
15009
15010
15012
15016
15024
15041
15042
15044
15048
15056
15072
15107
15109
15110
15113
15114
15116
15121
15122
15124
15128
15137
15138
15140
15144
15152
15169
15170
15172
15176
15184
15200
15233
15234
15236
15240
15248
15264
15296
15367
15371
15373
15374
15379
15381
15382
15385
15386
15388
15395
15397
15398
15401
15402
15404
15409
15410
15412
15416
15427
15429
15430
15433
15434
15436
15441
15442
15444
15448
15457
15458
15460
15464
15472
15491
15493
15494
15497
15498
15500
15505
15506
15508
15512
15521
15522
15524
15528
15536
15553
15554
15556
15560
15568
15584
15619
15621
15622
15625
15626
15628
15633
15634
15636
15640
15649
15650
15652
15656
15664
15681
15682
15684
15688
15696
15712
15745
15746
15748
15752
15760
15776
15808
15875
15877
15878
15881
15882
15884
15889
15890
15892
15896
15905
15906
15908
15912
15920
15937
15938
15940
15944
15952
15968
16001
16002
16004
16008
16016
16032
16064
16129
16130
16132
16136
16144
16160
16192
16256
