                  24
         1             1    -0.352350000000000    0.000000000000000    
         1             4    0.287692570289884    0.000000000000000    
         2             2    0.352350000000000    0.000000000000000    
         3             3    -0.234900000000000    0.000000000000000    
         3             6    0.371409511186776    0.000000000000000    
         4             1    0.287692570289884    0.000000000000000    
         4             4    0.234900000000000    0.000000000000000    
         5             5    -0.117450000000000    0.000000000000000    
         5             8    0.406858734697929    0.000000000000000    
         6             3    0.371409511186776    0.000000000000000    
         6             6    0.117450000000000    0.000000000000000    
         7            10    0.406858734697929    0.000000000000000    
         8             5    0.406858734697929    0.000000000000000    
         9             9    0.117450000000000    0.000000000000000    
         9            12    0.371409511186776    0.000000000000000    
        10             7    0.406858734697929    0.000000000000000    
        10            10    -0.117450000000000    0.000000000000000    
        11            11    0.234900000000000    0.000000000000000    
        11            14    0.287692570289884    0.000000000000000    
        12             9    0.371409511186776    0.000000000000000    
        12            12    -0.234900000000000    0.000000000000000    
        13            13    0.352350000000000    0.000000000000000    
        14            11    0.287692570289884    0.000000000000000    
        14            14    -0.352350000000000    0.000000000000000    
