                  14
         1            25    0.000000000000000    0.204124145231932    
         1            27    0.000000000000000    0.353553390593274    
         1            28    0.000000000000000    0.408248290463863    
         2            25    0.000000000000000    0.408248290463863    
         2            26    0.000000000000000    -0.353553390593274    
         2            28    0.000000000000000    -0.204124145231932    
         3            26    0.000000000000000    -0.288675134594813    
         3            27    0.000000000000000    -0.288675134594813    
         4            25    0.000000000000000    0.288675134594813    
         4            28    0.000000000000000    -0.288675134594813    
         5            25    0.000000000000000    0.288675134594813    
         5            28    0.000000000000000    0.288675134594813    
         6            26    0.000000000000000    0.288675134594813    
         6            27    0.000000000000000    -0.288675134594813    
