                  14
        25             1    0.000000000000000    -0.204124145231932    
        25             2    0.000000000000000    0.408248290463863    
        25             4    0.000000000000000    -0.288675134594813    
        25             5    0.000000000000000    0.288675134594813    
        26             2    -0.000000000000000    0.353553390593274    
        26             3    0.000000000000000    0.288675134594813    
        26             6    0.000000000000000    0.288675134594813    
        27             1    -0.000000000000000    -0.353553390593274    
        27             3    0.000000000000000    -0.288675134594813    
        27             6    -0.000000000000000    0.288675134594813    
        28             1    0.000000000000000    0.408248290463863    
        28             2    0.000000000000000    0.204124145231932    
        28             4    0.000000000000000    -0.288675134594813    
        28             5    -0.000000000000000    -0.288675134594813    
