                 188
         1             1             1             1    2.699999999999998    0.000000000000000    
         1             1             3             5    -0.129903810567666    0.000000000000000    
         1             1             4             4    0.150000000000000    0.000000000000000    
         1             1             5             3    -0.129903810567666    0.000000000000000    
         1             2             2             1    2.699999999999998    0.000000000000000    
         1             2             3             6    -0.299999999999999    0.000000000000000    
         1             2             4             5    0.225000000000000    0.000000000000000    
         1             2             5             4    -0.150000000000000    0.000000000000000    
         1             2             6             3    0.075000000000000    0.000000000000000    
         1             3             1             3    0.075000000000000    0.000000000000000    
         1             3             3             1    2.699999999999998    0.000000000000000    
         1             3             3             4    -0.106066017177982    0.000000000000000    
         1             3             4             3    0.106066017177982    0.000000000000000    
         1             4             1             4    0.150000000000000    0.000000000000000    
         1             4             2             3    -0.129903810567666    0.000000000000000    
         1             4             3             5    -0.183711730708738    0.000000000000000    
         1             4             4             1    2.699999999999998    0.000000000000000    
         1             4             4             4    0.106066017177983    0.000000000000000    
         1             5             1             5    0.225000000000000    0.000000000000000    
         1             5             2             4    -0.150000000000000    0.000000000000000    
         1             5             3             6    -0.212132034355964    0.000000000000000    
         1             5             5             1    2.699999999999998    0.000000000000000    
         1             5             5             4    0.106066017177983    0.000000000000000    
         1             5             6             3    -0.106066017177982    0.000000000000000    
         1             6             1             6    0.299999999999999    0.000000000000000    
         1             6             2             5    -0.129903810567666    0.000000000000000    
         1             6             4             6    -0.212132034355964    0.000000000000000    
         1             6             5             5    0.183711730708738    0.000000000000000    
         1             6             6             1    2.699999999999998    0.000000000000000    
         1             6             6             4    -0.106066017177982    0.000000000000000    
         2             1             1             2    2.699999999999998    0.000000000000000    
         2             1             3             6    0.075000000000000    0.000000000000000    
         2             1             4             5    -0.150000000000000    0.000000000000000    
         2             1             5             4    0.225000000000000    0.000000000000000    
         2             1             6             3    -0.299999999999999    0.000000000000000    
         2             2             2             2    2.699999999999998    0.000000000000000    
         2             2             4             6    -0.129903810567666    0.000000000000000    
         2             2             5             5    0.150000000000000    0.000000000000000    
         2             2             6             4    -0.129903810567666    0.000000000000000    
         2             3             1             4    -0.129903810567666    0.000000000000000    
         2             3             2             3    0.299999999999999    0.000000000000000    
         2             3             3             2    2.699999999999998    0.000000000000000    
         2             3             3             5    0.106066017177982    0.000000000000000    
         2             3             4             4    -0.183711730708738    0.000000000000000    
         2             3             5             3    0.212132034355964    0.000000000000000    
         2             4             1             5    -0.150000000000000    0.000000000000000    
         2             4             2             4    0.225000000000000    0.000000000000000    
         2             4             3             6    0.106066017177982    0.000000000000000    
         2             4             4             2    2.699999999999998    0.000000000000000    
         2             4             4             5    -0.106066017177983    0.000000000000000    
         2             4             6             3    0.212132034355964    0.000000000000000    
         2             5             1             6    -0.129903810567666    0.000000000000000    
         2             5             2             5    0.150000000000000    0.000000000000000    
         2             5             5             2    2.699999999999998    0.000000000000000    
         2             5             5             5    -0.106066017177983    0.000000000000000    
         2             5             6             4    0.183711730708738    0.000000000000000    
         2             6             2             6    0.075000000000000    0.000000000000000    
         2             6             5             6    -0.106066017177982    0.000000000000000    
         2             6             6             2    2.699999999999998    0.000000000000000    
         2             6             6             5    0.106066017177982    0.000000000000000    
         3             1             1             3    2.699999999999998    0.000000000000000    
         3             1             3             1    0.075000000000000    0.000000000000000    
         3             1             3             4    0.106066017177982    0.000000000000000    
         3             1             4             3    -0.106066017177982    0.000000000000000    
         3             2             2             3    2.699999999999998    0.000000000000000    
         3             2             3             2    0.299999999999999    0.000000000000000    
         3             2             3             5    0.212132034355964    0.000000000000000    
         3             2             4             1    -0.129903810567666    0.000000000000000    
         3             2             4             4    -0.183711730708738    0.000000000000000    
         3             2             5             3    0.106066017177982    0.000000000000000    
         3             3             3             3    2.774999999999998    0.000000000000000    
         3             4             1             3    -0.106066017177982    0.000000000000000    
         3             4             3             1    0.106066017177982    0.000000000000000    
         3             4             3             4    0.150000000000000    0.000000000000000    
         3             4             4             3    2.624999999999998    0.000000000000000    
         3             5             1             1    -0.129903810567666    0.000000000000000    
         3             5             1             4    -0.183711730708738    0.000000000000000    
         3             5             2             3    0.106066017177982    0.000000000000000    
         3             5             3             2    0.212132034355964    0.000000000000000    
         3             5             3             5    0.150000000000000    0.000000000000000    
         3             5             5             3    2.624999999999998    0.000000000000000    
         3             6             1             2    -0.299999999999999    0.000000000000000    
         3             6             1             5    -0.212132034355964    0.000000000000000    
         3             6             2             1    0.075000000000000    0.000000000000000    
         3             6             2             4    0.106066017177982    0.000000000000000    
         3             6             4             2    0.212132034355964    0.000000000000000    
         3             6             4             5    0.150000000000000    0.000000000000000    
         3             6             5             1    -0.106066017177982    0.000000000000000    
         3             6             5             4    -0.150000000000000    0.000000000000000    
         3             6             6             3    2.774999999999998    0.000000000000000    
         4             1             1             4    2.699999999999998    0.000000000000000    
         4             1             3             2    -0.129903810567666    0.000000000000000    
         4             1             4             1    0.150000000000000    0.000000000000000    
         4             1             4             4    0.106066017177982    0.000000000000000    
         4             1             5             3    -0.183711730708738    0.000000000000000    
         4             2             2             4    2.699999999999998    0.000000000000000    
         4             2             3             6    0.212132034355964    0.000000000000000    
         4             2             4             2    0.225000000000000    0.000000000000000    
         4             2             5             1    -0.150000000000000    0.000000000000000    
         4             2             5             4    -0.106066017177982    0.000000000000000    
         4             2             6             3    0.106066017177982    0.000000000000000    
         4             3             1             3    0.106066017177982    0.000000000000000    
         4             3             3             1    -0.106066017177982    0.000000000000000    
         4             3             3             4    2.624999999999998    0.000000000000000    
         4             3             4             3    0.150000000000000    0.000000000000000    
         4             4             1             1    0.150000000000000    0.000000000000000    
         4             4             1             4    0.106066017177982    0.000000000000000    
         4             4             2             3    -0.183711730708738    0.000000000000000    
         4             4             3             2    -0.183711730708738    0.000000000000000    
         4             4             4             1    0.106066017177982    0.000000000000000    
         4             4             4             4    2.774999999999999    0.000000000000000    
         4             5             1             2    0.225000000000000    0.000000000000000    
         4             5             2             1    -0.150000000000000    0.000000000000000    
         4             5             2             4    -0.106066017177982    0.000000000000000    
         4             5             3             6    0.150000000000000    0.000000000000000    
         4             5             5             1    0.106066017177982    0.000000000000000    
         4             5             5             4    2.774999999999999    0.000000000000000    
         4             5             6             3    -0.150000000000000    0.000000000000000    
         4             6             1             6    -0.212132034355964    0.000000000000000    
         4             6             2             2    -0.129903810567666    0.000000000000000    
         4             6             4             6    0.150000000000000    0.000000000000000    
         4             6             5             2    0.183711730708738    0.000000000000000    
         4             6             6             1    -0.106066017177982    0.000000000000000    
         4             6             6             4    2.624999999999998    0.000000000000000    
         5             1             1             5    2.699999999999998    0.000000000000000    
         5             1             3             6    -0.106066017177982    0.000000000000000    
         5             1             4             2    -0.150000000000000    0.000000000000000    
         5             1             4             5    0.106066017177982    0.000000000000000    
         5             1             5             1    0.225000000000000    0.000000000000000    
         5             1             6             3    -0.212132034355964    0.000000000000000    
         5             2             2             5    2.699999999999998    0.000000000000000    
         5             2             4             6    0.183711730708738    0.000000000000000    
         5             2             5             2    0.150000000000000    0.000000000000000    
         5             2             5             5    -0.106066017177982    0.000000000000000    
         5             2             6             1    -0.129903810567666    0.000000000000000    
         5             3             1             1    -0.129903810567666    0.000000000000000    
         5             3             2             3    0.212132034355964    0.000000000000000    
         5             3             3             2    0.106066017177982    0.000000000000000    
         5             3             3             5    2.624999999999998    0.000000000000000    
         5             3             4             1    -0.183711730708738    0.000000000000000    
         5             3             5             3    0.150000000000000    0.000000000000000    
         5             4             1             2    -0.150000000000000    0.000000000000000    
         5             4             1             5    0.106066017177982    0.000000000000000    
         5             4             2             1    0.225000000000000    0.000000000000000    
         5             4             3             6    -0.150000000000000    0.000000000000000    
         5             4             4             2    -0.106066017177982    0.000000000000000    
         5             4             4             5    2.774999999999999    0.000000000000000    
         5             4             6             3    0.150000000000000    0.000000000000000    
         5             5             1             6    0.183711730708738    0.000000000000000    
         5             5             2             2    0.150000000000000    0.000000000000000    
         5             5             2             5    -0.106066017177982    0.000000000000000    
         5             5             5             2    -0.106066017177982    0.000000000000000    
         5             5             5             5    2.774999999999999    0.000000000000000    
         5             5             6             1    0.183711730708738    0.000000000000000    
         5             6             2             6    -0.106066017177982    0.000000000000000    
         5             6             5             6    0.150000000000000    0.000000000000000    
         5             6             6             2    0.106066017177982    0.000000000000000    
         5             6             6             5    2.624999999999998    0.000000000000000    
         6             1             1             6    2.699999999999998    0.000000000000000    
         6             1             4             6    -0.106066017177982    0.000000000000000    
         6             1             5             2    -0.129903810567666    0.000000000000000    
         6             1             5             5    0.183711730708738    0.000000000000000    
         6             1             6             1    0.299999999999999    0.000000000000000    
         6             1             6             4    -0.212132034355964    0.000000000000000    
         6             2             2             6    2.699999999999998    0.000000000000000    
         6             2             5             6    0.106066017177982    0.000000000000000    
         6             2             6             2    0.075000000000000    0.000000000000000    
         6             2             6             5    -0.106066017177982    0.000000000000000    
         6             3             1             2    0.075000000000000    0.000000000000000    
         6             3             1             5    -0.106066017177982    0.000000000000000    
         6             3             2             1    -0.299999999999999    0.000000000000000    
         6             3             2             4    0.212132034355964    0.000000000000000    
         6             3             3             6    2.774999999999998    0.000000000000000    
         6             3             4             2    0.106066017177982    0.000000000000000    
         6             3             4             5    -0.150000000000000    0.000000000000000    
         6             3             5             1    -0.212132034355964    0.000000000000000    
         6             3             5             4    0.150000000000000    0.000000000000000    
         6             4             1             6    -0.106066017177982    0.000000000000000    
         6             4             2             2    -0.129903810567666    0.000000000000000    
         6             4             2             5    0.183711730708738    0.000000000000000    
         6             4             4             6    2.624999999999998    0.000000000000000    
         6             4             6             1    -0.212132034355964    0.000000000000000    
         6             4             6             4    0.150000000000000    0.000000000000000    
         6             5             2             6    0.106066017177982    0.000000000000000    
         6             5             5             6    2.624999999999998    0.000000000000000    
         6             5             6             2    -0.106066017177982    0.000000000000000    
         6             5             6             5    0.150000000000000    0.000000000000000    
         6             6             6             6    2.774999999999998    0.000000000000000    
